,subject_ids,diff_species,choice,Imj1,Imj2,Img3,CamNum,SD_card_num,ForestType,ForestName,round,Date_Out,Date_Checked,Use_End_Date,Trophic
52,39638627,2,BLACKBEAR,02_07_SH_000016.JPG,02_07_SH_000017.JPG,02_07_SH_000018.JPG,2,7,Deciduous,SH,4,9/20/19,12/7/19,9/25/19,Omnivore
53,39638631,1,BLACKBEAR,02_07_SH_000019.JPG,02_07_SH_000020.JPG,02_07_SH_000021.JPG,2,7,Deciduous,SH,4,9/20/19,12/7/19,9/25/19,Omnivore
177,37156621,1,BLACKBEAR,04_36_WF_000049.JPG,04_36_WF_000050.JPG,04_36_WF_000051.JPG,4,36,Pine,WF,2,1/31/19,5/15/19,3/26/19,Omnivore
256,37822308,1,BLACKBEAR,06_41_DON_07190130.JPG,06_41_DON_07190131.JPG,06_41_DON_07190132.JPG,6,41,Deciduous,DON,3,5/16/19,9/7/19,9/6/19,Omnivore
551,39638589,2,BLACKBEAR,15_06_SH_000001.JPG,15_06_SH_000002.JPG,15_06_SH_000003.JPG,15,6,Deciduous,SH,4,9/20/19,12/7/19,12/7/19,Omnivore
552,39638590,1,BLACKBEAR,15_06_SH_000004.JPG,15_06_SH_000005.JPG,15_06_SH_000006.JPG,15,6,Deciduous,SH,4,9/20/19,12/7/19,12/7/19,Omnivore
952,37161942,1,BLACKBEAR,17_08_BC_000100.JPG,17_08_BC_000101.JPG,17_08_BC_000102.JPG,17,8,Deciduous,BC,2,3/4/19,5/11/19,5/11/19,Omnivore
1208,41008515,1,BLACKBEAR,21_40_DON_0058.JPG,21_40_DON_0059.JPG,21_40_DON_0060.JPG,21,40,Deciduous,DON,4,9/17/19,11/15/19,9/28/19,Omnivore
1705,41008525,2,BLACKBEAR,27_41_BC_0007.JPG,27_41_BC_0008.JPG,27_41_BC_0009.JPG,27,41,Deciduous,BC,4,10/9/19,12/14/19,10/13/19,Omnivore
1706,41008526,1,BLACKBEAR,27_41_BC_0010.JPG,27_41_BC_0011.JPG,27_41_BC_0012.JPG,27,41,Deciduous,BC,4,10/9/19,12/14/19,10/13/19,Omnivore
1717,39638587,1,BLACKBEAR,28_01_SH_0004.JPG,28_01_SH_0005.JPG,28_01_SH_0006.JPG,28,1,Deciduous,SH,4,9/20/19,12/7/19,12/7/19,Omnivore
1718,39638588,1,BLACKBEAR,28_01_SH_0007.JPG,28_01_SH_0008.JPG,28_01_SH_0009.JPG,28,1,Deciduous,SH,4,9/20/19,12/7/19,12/7/19,Omnivore
2183,37162528,1,BLACKBEAR,30_22_BC_0355.JPG,30_22_BC_0356.JPG,30_22_BC_0357.JPG,30,22,Deciduous,BC,2,3/4/19,5/11/19,5/11/19,Omnivore
2192,37162541,1,BLACKBEAR,30_22_BC_0400.JPG,30_22_BC_0401.JPG,30_22_BC_0402.JPG,30,22,Deciduous,BC,2,3/4/19,5/11/19,5/11/19,Omnivore
2222,37820820,1,BLACKBEAR,31_03_WHIP_0463.JPG,31_03_WHIP_0464.JPG,31_03_WHIP_0465.JPG,31,3,Pine,WHIP,3,5/13/19,9/4/19,6/9/19,Omnivore
2444,37820921,1,BLACKBEAR,32_26_WF_0085.JPG,32_26_WF_0086.JPG,32_26_WF_0087.JPG,32,26,Pine,WF,3,5/15/19,9/3/19,8/9/19,Omnivore
2445,37820923,1,BLACKBEAR,32_26_WF_0088.JPG,32_26_WF_0089.JPG,32_26_WF_0090.JPG,32,26,Pine,WF,3,5/15/19,9/3/19,8/9/19,Omnivore
2454,37822254,1,BLACKBEAR,32_26_WF_0289.JPG,32_26_WF_0290.JPG,32_26_WF_0291.JPG,32,26,Pine,WF,3,5/15/19,9/3/19,8/9/19,Omnivore
2684,39906356,1,BLACKBEAR,34_21_WF_0076.JPG,34_21_WF_0077.JPG,34_21_WF_0078.JPG,34,21,Pine,WF,4,9/29/19,1/26/20,12/14/19,Omnivore
2815,39906325,1,BLACKBEAR,36_32_WF_0055.JPG,36_32_WF_0056.JPG,36_32_WF_0057.JPG,36,32,Pine,WF,4,9/29/19,1/26/20,12/18/19,Omnivore
407,31428362,1,BOBCAT,11_13_BC_000145.JPG,11_13_BC_000146.JPG,11_13_BC_000147.JPG,11,13,Deciduous,BC,1,11/15/18,3/4/19,3/4/19,Mesocarnivore
744,39640012,1,BOBCAT,15_06_SH_000595.JPG,15_06_SH_000596.JPG,15_06_SH_000597.JPG,15,6,Deciduous,SH,4,9/20/19,12/7/19,12/7/19,Mesocarnivore
949,37161938,1,BOBCAT,17_08_BC_000088.JPG,17_08_BC_000089.JPG,17_08_BC_000090.JPG,17,8,Deciduous,BC,2,3/4/19,5/11/19,5/11/19,Mesocarnivore
1612,37162255,2,BOBCAT,24_18_BC_0052.JPG,24_18_BC_0053.JPG,24_18_BC_0054.JPG,24,18,Deciduous,BC,2,3/4/19,5/11/19,5/11/19,Mesocarnivore
1692,37814592,1,BOBCAT,27_08_IMG_0004.JPG,27_08_IMG_0005.JPG,27_08_IMG_0006.JPG,27,8,Deciduous,DON,1,12/13/18,2/25/19,2/25/19,Mesocarnivore
2794,40303421,1,BOBCAT,35_16_BC_0115.JPG,35_16_BC_0116.JPG,35_16_BC_0117.JPG,35,16,Deciduous,BC,4,10/19/19,2/2/20,12/19/19,Mesocarnivore
3,39638739,1,CHIPMUNK,01_23_DEG_000007.JPG,01_23_DEG_000008.JPG,01_23_DEG_000009.JPG,1,23,Pine,DEG,4,9/27/19,11/17/19,11/17/19,Herbivore
10,39638904,1,CHIPMUNK,01_23_DEG_000034.JPG,01_23_DEG_000035.JPG,01_23_DEG_000036.JPG,1,23,Pine,DEG,4,9/27/19,11/17/19,11/17/19,Herbivore
11,39638906,1,CHIPMUNK,01_23_DEG_000037.JPG,01_23_DEG_000038.JPG,01_23_DEG_000039.JPG,1,23,Pine,DEG,4,9/27/19,11/17/19,11/17/19,Herbivore
17,39638986,2,CHIPMUNK,01_23_DEG_000055.JPG,01_23_DEG_000056.JPG,01_23_DEG_000057.JPG,1,23,Pine,DEG,4,9/27/19,11/17/19,11/17/19,Herbivore
18,39638989,1,CHIPMUNK,01_23_DEG_000058.JPG,01_23_DEG_000059.JPG,01_23_DEG_000060.JPG,1,23,Pine,DEG,4,9/27/19,11/17/19,11/17/19,Herbivore
19,39639040,1,CHIPMUNK,01_23_DEG_000061.JPG,01_23_DEG_000062.JPG,01_23_DEG_000063.JPG,1,23,Pine,DEG,4,9/27/19,11/17/19,11/17/19,Herbivore
22,39639134,1,CHIPMUNK,01_23_DEG_000070.JPG,01_23_DEG_000071.JPG,01_23_DEG_000072.JPG,1,23,Pine,DEG,4,9/27/19,11/17/19,11/17/19,Herbivore
23,39639136,1,CHIPMUNK,01_23_DEG_000073.JPG,01_23_DEG_000074.JPG,01_23_DEG_000075.JPG,1,23,Pine,DEG,4,9/27/19,11/17/19,11/17/19,Herbivore
289,39638705,1,CHIPMUNK,07_42_WHIP_000034.JPG,07_42_WHIP_000035.JPG,07_42_WHIP_000036.JPG,7,42,Pine,WHIP,4,9/27/19,11/12/19,11/11/19,Herbivore
293,39638789,2,CHIPMUNK,07_42_WHIP_000056.JPG,07_42_WHIP_000055.JPG,07_42_WHIP_000057.JPG,7,42,Pine,WHIP,4,9/27/19,11/12/19,11/11/19,Herbivore
303,39638941,2,CHIPMUNK,07_42_WHIP_000088.JPG,07_42_WHIP_000089.JPG,07_42_WHIP_000090.JPG,7,42,Pine,WHIP,4,9/27/19,11/12/19,11/11/19,Herbivore
309,39638990,1,CHIPMUNK,07_42_WHIP_000109.JPG,07_42_WHIP_000110.JPG,07_42_WHIP_000111.JPG,7,42,Pine,WHIP,4,9/27/19,11/12/19,11/11/19,Herbivore
311,39638992,1,CHIPMUNK,07_42_WHIP_000115.JPG,07_42_WHIP_000116.JPG,07_42_WHIP_000117.JPG,7,42,Pine,WHIP,4,9/27/19,11/12/19,11/11/19,Herbivore
312,39638993,1,CHIPMUNK,07_42_WHIP_000118.JPG,07_42_WHIP_000119.JPG,07_42_WHIP_000120.JPG,7,42,Pine,WHIP,4,9/27/19,11/12/19,11/11/19,Herbivore
313,39639006,1,CHIPMUNK,07_42_WHIP_000121.JPG,07_42_WHIP_000122.JPG,07_42_WHIP_000123.JPG,7,42,Pine,WHIP,4,9/27/19,11/12/19,11/11/19,Herbivore
314,39639036,1,CHIPMUNK,07_42_WHIP_000124.JPG,07_42_WHIP_000125.JPG,07_42_WHIP_000126.JPG,7,42,Pine,WHIP,4,9/27/19,11/12/19,11/11/19,Herbivore
315,39639039,1,CHIPMUNK,07_42_WHIP_000127.JPG,07_42_WHIP_000128.JPG,07_42_WHIP_000129.JPG,7,42,Pine,WHIP,4,9/27/19,11/12/19,11/11/19,Herbivore
318,39639066,2,CHIPMUNK,07_42_WHIP_000136.JPG,07_42_WHIP_000137.JPG,07_42_WHIP_000138.JPG,7,42,Pine,WHIP,4,9/27/19,11/12/19,11/11/19,Herbivore
330,39639447,1,CHIPMUNK,07_42_WHIP_000181.JPG,07_42_WHIP_000182.JPG,07_42_WHIP_000183.JPG,7,42,Pine,WHIP,4,9/27/19,11/12/19,11/11/19,Herbivore
331,39639449,1,CHIPMUNK,07_42_WHIP_000184.JPG,07_42_WHIP_000185.JPG,07_42_WHIP_000186.JPG,7,42,Pine,WHIP,4,9/27/19,11/12/19,11/11/19,Herbivore
338,39639578,1,CHIPMUNK,07_42_WHIP_000208.JPG,07_42_WHIP_000209.JPG,07_42_WHIP_000210.JPG,7,42,Pine,WHIP,4,9/27/19,11/12/19,11/11/19,Herbivore
339,39639583,1,CHIPMUNK,07_42_WHIP_000211.JPG,07_42_WHIP_000212.JPG,07_42_WHIP_000213.JPG,7,42,Pine,WHIP,4,9/27/19,11/12/19,11/11/19,Herbivore
360,41008454,1,CHIPMUNK,10_35_DON_000004.JPG,10_35_DON_000005.JPG,10_35_DON_000006.JPG,10,35,Deciduous,DON,4,9/17/19,11/15/19,11/15/19,Herbivore
364,41008521,1,CHIPMUNK,10_35_DON_000151.JPG,10_35_DON_000152.JPG,10_35_DON_000153.JPG,10,35,Deciduous,DON,4,9/17/19,11/15/19,11/15/19,Herbivore
642,39639451,2,CHIPMUNK,15_06_SH_000283.JPG,15_06_SH_000284.JPG,15_06_SH_000285.JPG,15,6,Deciduous,SH,4,9/20/19,12/7/19,12/7/19,Herbivore
852,37820598,1,CHIPMUNK,15_16_WHIP_000055.JPG,15_16_WHIP_000056.JPG,15_16_WHIP_000057.JPG,15,16,Pine,WHIP,3,5/13/19,9/4/19,9/3/19,Herbivore
868,37821305,1,CHIPMUNK,15_16_WHIP_000112.JPG,15_16_WHIP_000113.JPG,15_16_WHIP_000114.JPG,15,16,Pine,WHIP,3,5/13/19,9/4/19,9/3/19,Herbivore
872,37821588,1,CHIPMUNK,15_16_WHIP_000139.JPG,15_16_WHIP_000140.JPG,15_16_WHIP_000141.JPG,15,16,Pine,WHIP,3,5/13/19,9/4/19,9/3/19,Herbivore
882,37821967,2,CHIPMUNK,15_16_WHIP_000184.JPG,15_16_WHIP_000185.JPG,15_16_WHIP_000186.JPG,15,16,Pine,WHIP,3,5/13/19,9/4/19,9/3/19,Herbivore
899,37822576,1,CHIPMUNK,15_16_WHIP_000256.JPG,15_16_WHIP_000257.JPG,15_16_WHIP_000258.JPG,15,16,Pine,WHIP,3,5/13/19,9/4/19,9/3/19,Herbivore
901,37822647,1,CHIPMUNK,15_16_WHIP_000268.JPG,15_16_WHIP_000269.JPG,15_16_WHIP_000270.JPG,15,16,Pine,WHIP,3,5/13/19,9/4/19,9/3/19,Herbivore
1051,39638709,1,CHIPMUNK,17_26_WHIP_000016.JPG,17_26_WHIP_000017.JPG,17_26_WHIP_000018.JPG,17,26,Pine,WHIP,4,9/27/19,11/15/19,11/15/19,Herbivore
1194,41008456,1,CHIPMUNK,21_40_DON_0007.JPG,21_40_DON_0008.JPG,21_40_DON_0009.JPG,21,40,Deciduous,DON,4,9/17/19,11/15/19,9/28/19,Herbivore
1195,41008457,1,CHIPMUNK,21_40_DON_0010.JPG,21_40_DON_0011.JPG,21_40_DON_0012.JPG,21,40,Deciduous,DON,4,9/17/19,11/15/19,9/28/19,Herbivore
1197,41008459,1,CHIPMUNK,21_40_DON_0016.JPG,21_40_DON_0017.JPG,21_40_DON_0018.JPG,21,40,Deciduous,DON,4,9/17/19,11/15/19,9/28/19,Herbivore
1200,41008462,1,CHIPMUNK,21_40_DON_0025.JPG,21_40_DON_0026.JPG,21_40_DON_0027.JPG,21,40,Deciduous,DON,4,9/17/19,11/15/19,9/28/19,Herbivore
1202,41008465,2,CHIPMUNK,21_40_DON_0031.JPG,21_40_DON_0032.JPG,21_40_DON_0033.JPG,21,40,Deciduous,DON,4,9/17/19,11/15/19,9/28/19,Herbivore
1203,41008466,1,CHIPMUNK,21_40_DON_0034.JPG,21_40_DON_0035.JPG,21_40_DON_0036.JPG,21,40,Deciduous,DON,4,9/17/19,11/15/19,9/28/19,Herbivore
1205,41008469,1,CHIPMUNK,21_40_DON_0043.JPG,21_40_DON_0044.JPG,21_40_DON_0045.JPG,21,40,Deciduous,DON,4,9/17/19,11/15/19,9/28/19,Herbivore
1207,41008472,1,CHIPMUNK,21_40_DON_0052.JPG,21_40_DON_0053.JPG,21_40_DON_0054.JPG,21,40,Deciduous,DON,4,9/17/19,11/15/19,9/28/19,Herbivore
1454,39638604,1,CHIPMUNK,23_24_SH_0010.JPG,23_24_SH_0011.JPG,23_24_SH_0012.JPG,23,24,Deciduous,SH,4,9/20/19,12/7/19,12/7/19,Herbivore
1456,39638629,1,CHIPMUNK,23_24_SH_0016.JPG,23_24_SH_0017.JPG,23_24_SH_0018.JPG,23,24,Deciduous,SH,4,9/20/19,12/7/19,12/7/19,Herbivore
1459,39638688,1,CHIPMUNK,23_24_SH_0025.JPG,23_24_SH_0026.JPG,23_24_SH_0027.JPG,23,24,Deciduous,SH,4,9/20/19,12/7/19,12/7/19,Herbivore
1460,39638700,1,CHIPMUNK,23_24_SH_0028.JPG,23_24_SH_0029.JPG,23_24_SH_0030.JPG,23,24,Deciduous,SH,4,9/20/19,12/7/19,12/7/19,Herbivore
1464,39638711,2,CHIPMUNK,23_24_SH_0040.JPG,23_24_SH_0041.JPG,23_24_SH_0042.JPG,23,24,Deciduous,SH,4,9/20/19,12/7/19,12/7/19,Herbivore
1470,39638778,2,CHIPMUNK,23_24_SH_0058.JPG,23_24_SH_0059.JPG,23_24_SH_0060.JPG,23,24,Deciduous,SH,4,9/20/19,12/7/19,12/7/19,Herbivore
1473,39638785,1,CHIPMUNK,23_24_SH_0067.JPG,23_24_SH_0068.JPG,23_24_SH_0069.JPG,23,24,Deciduous,SH,4,9/20/19,12/7/19,12/7/19,Herbivore
1475,39638825,1,CHIPMUNK,23_24_SH_0073.JPG,23_24_SH_0074.JPG,23_24_SH_0075.JPG,23,24,Deciduous,SH,4,9/20/19,12/7/19,12/7/19,Herbivore
1476,39638826,1,CHIPMUNK,23_24_SH_0076.JPG,23_24_SH_0077.JPG,23_24_SH_0078.JPG,23,24,Deciduous,SH,4,9/20/19,12/7/19,12/7/19,Herbivore
1477,39638829,1,CHIPMUNK,23_24_SH_0079.JPG,23_24_SH_0080.JPG,23_24_SH_0081.JPG,23,24,Deciduous,SH,4,9/20/19,12/7/19,12/7/19,Herbivore
1481,39638867,1,CHIPMUNK,23_24_SH_0091.JPG,23_24_SH_0092.JPG,23_24_SH_0093.JPG,23,24,Deciduous,SH,4,9/20/19,12/7/19,12/7/19,Herbivore
1482,39638875,1,CHIPMUNK,23_24_SH_0094.JPG,23_24_SH_0095.JPG,23_24_SH_0096.JPG,23,24,Deciduous,SH,4,9/20/19,12/7/19,12/7/19,Herbivore
1484,39638889,2,CHIPMUNK,23_24_SH_0100.JPG,23_24_SH_0101.JPG,23_24_SH_0102.JPG,23,24,Deciduous,SH,4,9/20/19,12/7/19,12/7/19,Herbivore
1487,39638903,1,CHIPMUNK,23_24_SH_0109.JPG,23_24_SH_0110.JPG,23_24_SH_0111.JPG,23,24,Deciduous,SH,4,9/20/19,12/7/19,12/7/19,Herbivore
1488,39638948,1,CHIPMUNK,23_24_SH_0112.JPG,23_24_SH_0113.JPG,23_24_SH_0114.JPG,23,24,Deciduous,SH,4,9/20/19,12/7/19,12/7/19,Herbivore
1489,39638950,1,CHIPMUNK,23_24_SH_0115.JPG,23_24_SH_0116.JPG,23_24_SH_0117.JPG,23,24,Deciduous,SH,4,9/20/19,12/7/19,12/7/19,Herbivore
1490,39638951,1,CHIPMUNK,23_24_SH_0118.JPG,23_24_SH_0119.JPG,23_24_SH_0120.JPG,23,24,Deciduous,SH,4,9/20/19,12/7/19,12/7/19,Herbivore
1491,39638952,2,CHIPMUNK,23_24_SH_0121.JPG,23_24_SH_0122.JPG,23_24_SH_0123.JPG,23,24,Deciduous,SH,4,9/20/19,12/7/19,12/7/19,Herbivore
1492,39638953,2,CHIPMUNK,23_24_SH_0124.JPG,23_24_SH_0125.JPG,23_24_SH_0126.JPG,23,24,Deciduous,SH,4,9/20/19,12/7/19,12/7/19,Herbivore
1493,39638957,1,CHIPMUNK,23_24_SH_0127.JPG,23_24_SH_0128.JPG,23_24_SH_0129.JPG,23,24,Deciduous,SH,4,9/20/19,12/7/19,12/7/19,Herbivore
1495,39638971,1,CHIPMUNK,23_24_SH_0133.JPG,23_24_SH_0134.JPG,23_24_SH_0135.JPG,23,24,Deciduous,SH,4,9/20/19,12/7/19,12/7/19,Herbivore
1496,39638972,1,CHIPMUNK,23_24_SH_0136.JPG,23_24_SH_0137.JPG,23_24_SH_0138.JPG,23,24,Deciduous,SH,4,9/20/19,12/7/19,12/7/19,Herbivore
1497,39638974,1,CHIPMUNK,23_24_SH_0139.JPG,23_24_SH_0140.JPG,23_24_SH_0141.JPG,23,24,Deciduous,SH,4,9/20/19,12/7/19,12/7/19,Herbivore
1498,39639033,1,CHIPMUNK,23_24_SH_0142.JPG,23_24_SH_0143.JPG,23_24_SH_0144.JPG,23,24,Deciduous,SH,4,9/20/19,12/7/19,12/7/19,Herbivore
1499,39639056,1,CHIPMUNK,23_24_SH_0145.JPG,23_24_SH_0146.JPG,23_24_SH_0147.JPG,23,24,Deciduous,SH,4,9/20/19,12/7/19,12/7/19,Herbivore
1502,39639064,1,CHIPMUNK,23_24_SH_0154.JPG,23_24_SH_0155.JPG,23_24_SH_0156.JPG,23,24,Deciduous,SH,4,9/20/19,12/7/19,12/7/19,Herbivore
1503,39639117,1,CHIPMUNK,23_24_SH_0157.JPG,23_24_SH_0158.JPG,23_24_SH_0159.JPG,23,24,Deciduous,SH,4,9/20/19,12/7/19,12/7/19,Herbivore
1505,39639121,1,CHIPMUNK,23_24_SH_0163.JPG,23_24_SH_0164.JPG,23_24_SH_0165.JPG,23,24,Deciduous,SH,4,9/20/19,12/7/19,12/7/19,Herbivore
1507,39639133,1,CHIPMUNK,23_24_SH_0169.JPG,23_24_SH_0170.JPG,23_24_SH_0171.JPG,23,24,Deciduous,SH,4,9/20/19,12/7/19,12/7/19,Herbivore
1508,39639137,2,CHIPMUNK,23_24_SH_0172.JPG,23_24_SH_0173.JPG,23_24_SH_0174.JPG,23,24,Deciduous,SH,4,9/20/19,12/7/19,12/7/19,Herbivore
1509,39639200,1,CHIPMUNK,23_24_SH_0175.JPG,23_24_SH_0176.JPG,23_24_SH_0177.JPG,23,24,Deciduous,SH,4,9/20/19,12/7/19,12/7/19,Herbivore
1510,39639211,1,CHIPMUNK,23_24_SH_0178.JPG,23_24_SH_0179.JPG,23_24_SH_0180.JPG,23,24,Deciduous,SH,4,9/20/19,12/7/19,12/7/19,Herbivore
1511,39639233,1,CHIPMUNK,23_24_SH_0181.JPG,23_24_SH_0182.JPG,23_24_SH_0183.JPG,23,24,Deciduous,SH,4,9/20/19,12/7/19,12/7/19,Herbivore
1512,39639238,1,CHIPMUNK,23_24_SH_0187.JPG,23_24_SH_0188.JPG,23_24_SH_0189.JPG,23,24,Deciduous,SH,4,9/20/19,12/7/19,12/7/19,Herbivore
1513,39639249,1,CHIPMUNK,23_24_SH_0193.JPG,23_24_SH_0194.JPG,23_24_SH_0195.JPG,23,24,Deciduous,SH,4,9/20/19,12/7/19,12/7/19,Herbivore
1515,39640022,1,CHIPMUNK,23_24_SH_0199.JPG,23_24_SH_0200.JPG,23_24_SH_0201.JPG,23,24,Deciduous,SH,4,9/20/19,12/7/19,12/7/19,Herbivore
1516,39640033,1,CHIPMUNK,23_24_SH_0202.JPG,23_24_SH_0203.JPG,23_24_SH_0204.JPG,23,24,Deciduous,SH,4,9/20/19,12/7/19,12/7/19,Herbivore
1517,39640035,1,CHIPMUNK,23_24_SH_0205.JPG,23_24_SH_0206.JPG,23_24_SH_0207.JPG,23,24,Deciduous,SH,4,9/20/19,12/7/19,12/7/19,Herbivore
1518,39640043,1,CHIPMUNK,23_24_SH_0208.JPG,23_24_SH_0209.JPG,23_24_SH_0210.JPG,23,24,Deciduous,SH,4,9/20/19,12/7/19,12/7/19,Herbivore
1519,39640055,1,CHIPMUNK,23_24_SH_0211.JPG,23_24_SH_0212.JPG,23_24_SH_0213.JPG,23,24,Deciduous,SH,4,9/20/19,12/7/19,12/7/19,Herbivore
1528,37818711,1,CHIPMUNK,23_32_SH_0019.JPG,23_32_SH_0020.JPG,23_32_SH_0021.JPG,23,32,Deciduous,SH,3,5/10/19,8/31/19,8/31/19,Herbivore
1532,37820327,2,CHIPMUNK,23_32_SH_0043.JPG,23_32_SH_0044.JPG,23_32_SH_0045.JPG,23,32,Deciduous,SH,3,5/10/19,8/31/19,8/31/19,Herbivore
1533,37820433,1,CHIPMUNK,23_32_SH_0046.JPG,23_32_SH_0047.JPG,23_32_SH_0048.JPG,23,32,Deciduous,SH,3,5/10/19,8/31/19,8/31/19,Herbivore
1546,37821350,1,CHIPMUNK,23_32_SH_0124.JPG,23_32_SH_0125.JPG,23_32_SH_0126.JPG,23,32,Deciduous,SH,3,5/10/19,8/31/19,8/31/19,Herbivore
1553,37822108,1,CHIPMUNK,23_32_SH_0154.JPG,23_32_SH_0155.JPG,23_32_SH_0156.JPG,23,32,Deciduous,SH,3,5/10/19,8/31/19,8/31/19,Herbivore
1554,37822346,1,CHIPMUNK,23_32_SH_0163.JPG,23_32_SH_0164.JPG,23_32_SH_0165.JPG,23,32,Deciduous,SH,3,5/10/19,8/31/19,8/31/19,Herbivore
1725,39638621,1,CHIPMUNK,28_01_SH_0031.JPG,28_01_SH_0032.JPG,28_01_SH_0033.JPG,28,1,Deciduous,SH,4,9/20/19,12/7/19,12/7/19,Herbivore
1756,39638870,1,CHIPMUNK,28_01_SH_0130.JPG,28_01_SH_0131.JPG,28_01_SH_0132.JPG,28,1,Deciduous,SH,4,9/20/19,12/7/19,12/7/19,Herbivore
1761,39638901,1,CHIPMUNK,28_01_SH_0145.JPG,28_01_SH_0146.JPG,28_01_SH_0147.JPG,28,1,Deciduous,SH,4,9/20/19,12/7/19,12/7/19,Herbivore
1763,39638910,1,CHIPMUNK,28_01_SH_0151.JPG,28_01_SH_0152.JPG,28_01_SH_0153.JPG,28,1,Deciduous,SH,4,9/20/19,12/7/19,12/7/19,Herbivore
1765,39638959,1,CHIPMUNK,28_01_SH_0166.JPG,28_01_SH_0167.JPG,28_01_SH_0168.JPG,28,1,Deciduous,SH,4,9/20/19,12/7/19,12/7/19,Herbivore
1772,39639001,1,CHIPMUNK,28_01_SH_0187.JPG,28_01_SH_0188.JPG,28_01_SH_0189.JPG,28,1,Deciduous,SH,4,9/20/19,12/7/19,12/7/19,Herbivore
1774,39639004,1,CHIPMUNK,28_01_SH_0196.JPG,28_01_SH_0197.JPG,28_01_SH_0198.JPG,28,1,Deciduous,SH,4,9/20/19,12/7/19,12/7/19,Herbivore
1778,39639132,1,CHIPMUNK,28_01_SH_0208.JPG,28_01_SH_0209.JPG,28_01_SH_0210.JPG,28,1,Deciduous,SH,4,9/20/19,12/7/19,12/7/19,Herbivore
1826,39639579,1,CHIPMUNK,28_01_SH_0367.JPG,28_01_SH_0368.JPG,28_01_SH_0369.JPG,28,1,Deciduous,SH,4,9/20/19,12/7/19,12/7/19,Herbivore
1827,39639580,1,CHIPMUNK,28_01_SH_0370.JPG,28_01_SH_0371.JPG,28_01_SH_0372.JPG,28,1,Deciduous,SH,4,9/20/19,12/7/19,12/7/19,Herbivore
1828,39639581,1,CHIPMUNK,28_01_SH_0373.JPG,28_01_SH_0374.JPG,28_01_SH_0375.JPG,28,1,Deciduous,SH,4,9/20/19,12/7/19,12/7/19,Herbivore
1832,39639677,1,CHIPMUNK,28_01_SH_0391.JPG,28_01_SH_0392.JPG,28_01_SH_0393.JPG,28,1,Deciduous,SH,4,9/20/19,12/7/19,12/7/19,Herbivore
1836,39639718,2,CHIPMUNK,28_01_SH_0406.JPG,28_01_SH_0407.JPG,28_01_SH_0408.JPG,28,1,Deciduous,SH,4,9/20/19,12/7/19,12/7/19,Herbivore
1841,39639923,2,CHIPMUNK,28_01_SH_0424.JPG,28_01_SH_0425.JPG,28_01_SH_0426.JPG,28,1,Deciduous,SH,4,9/20/19,12/7/19,12/7/19,Herbivore
2435,37818924,1,CHIPMUNK,32_26_WF_0013.JPG,32_26_WF_0014.JPG,32_26_WF_0015.JPG,32,26,Pine,WF,3,5/15/19,9/3/19,8/9/19,Herbivore
2448,37821718,1,CHIPMUNK,32_26_WF_0253.JPG,32_26_WF_0254.JPG,32_26_WF_0255.JPG,32,26,Pine,WF,3,5/15/19,9/3/19,8/9/19,Herbivore
2523,37819053,1,CHIPMUNK,33_23_DON_0040.JPG,33_23_DON_0041.JPG,33_23_DON_0042.JPG,33,23,Deciduous,DON,3,5/16/19,9/7/19,8/20/19,Herbivore
2529,37820414,1,CHIPMUNK,33_23_DON_0154.JPG,33_23_DON_0155.JPG,33_23_DON_0156.JPG,33,23,Deciduous,DON,3,5/16/19,9/7/19,8/20/19,Herbivore
2542,37821037,1,CHIPMUNK,33_23_DON_0247.JPG,33_23_DON_0248.JPG,33_23_DON_0249.JPG,33,23,Deciduous,DON,3,5/16/19,9/7/19,8/20/19,Herbivore
2544,37821191,1,CHIPMUNK,33_23_DON_0262.JPG,33_23_DON_0263.JPG,33_23_DON_0264.JPG,33,23,Deciduous,DON,3,5/16/19,9/7/19,8/20/19,Herbivore
2561,37821420,1,CHIPMUNK,33_23_DON_0331.JPG,33_23_DON_0332.JPG,33_23_DON_0333.JPG,33,23,Deciduous,DON,3,5/16/19,9/7/19,8/20/19,Herbivore
2562,37821421,1,CHIPMUNK,33_23_DON_0334.JPG,33_23_DON_0335.JPG,33_23_DON_0336.JPG,33,23,Deciduous,DON,3,5/16/19,9/7/19,8/20/19,Herbivore
2564,37821702,1,CHIPMUNK,33_23_DON_0346.JPG,33_23_DON_0347.JPG,33_23_DON_0348.JPG,33,23,Deciduous,DON,3,5/16/19,9/7/19,8/20/19,Herbivore
2566,37821766,2,CHIPMUNK,33_23_DON_0361.JPG,33_23_DON_0362.JPG,33_23_DON_0363.JPG,33,23,Deciduous,DON,3,5/16/19,9/7/19,8/20/19,Herbivore
2568,37821784,1,CHIPMUNK,33_23_DON_0367.JPG,33_23_DON_0368.JPG,33_23_DON_0369.JPG,33,23,Deciduous,DON,3,5/16/19,9/7/19,8/20/19,Herbivore
2569,37821786,1,CHIPMUNK,33_23_DON_0370.JPG,33_23_DON_0371.JPG,33_23_DON_0372.JPG,33,23,Deciduous,DON,3,5/16/19,9/7/19,8/20/19,Herbivore
2570,37821872,1,CHIPMUNK,33_23_DON_0376.JPG,33_23_DON_0377.JPG,33_23_DON_0378.JPG,33,23,Deciduous,DON,3,5/16/19,9/7/19,8/20/19,Herbivore
2571,37821877,1,CHIPMUNK,33_23_DON_0379.JPG,33_23_DON_0380.JPG,33_23_DON_0381.JPG,33,23,Deciduous,DON,3,5/16/19,9/7/19,8/20/19,Herbivore
2572,37821902,1,CHIPMUNK,33_23_DON_0382.JPG,33_23_DON_0383.JPG,33_23_DON_0384.JPG,33,23,Deciduous,DON,3,5/16/19,9/7/19,8/20/19,Herbivore
2574,37821935,1,CHIPMUNK,33_23_DON_0391.JPG,33_23_DON_0392.JPG,NA,33,23,Deciduous,DON,3,5/16/19,9/7/19,8/20/19,Herbivore
2575,37821937,1,CHIPMUNK,33_23_DON_0394.JPG,33_23_DON_0395.JPG,33_23_DON_0396.JPG,33,23,Deciduous,DON,3,5/16/19,9/7/19,8/20/19,Herbivore
2576,37821940,1,CHIPMUNK,33_23_DON_0397.JPG,33_23_DON_0398.JPG,33_23_DON_0399.JPG,33,23,Deciduous,DON,3,5/16/19,9/7/19,8/20/19,Herbivore
2577,37821958,1,CHIPMUNK,33_23_DON_0406.JPG,33_23_DON_0407.JPG,33_23_DON_0408.JPG,33,23,Deciduous,DON,3,5/16/19,9/7/19,8/20/19,Herbivore
2578,37821962,1,CHIPMUNK,33_23_DON_0409.JPG,33_23_DON_0410.JPG,33_23_DON_0411.JPG,33,23,Deciduous,DON,3,5/16/19,9/7/19,8/20/19,Herbivore
2579,37821965,1,CHIPMUNK,33_23_DON_0412.JPG,33_23_DON_0413.JPG,33_23_DON_0414.JPG,33,23,Deciduous,DON,3,5/16/19,9/7/19,8/20/19,Herbivore
2580,37821970,1,CHIPMUNK,33_23_DON_0418.JPG,33_23_DON_0419.JPG,33_23_DON_0420.JPG,33,23,Deciduous,DON,3,5/16/19,9/7/19,8/20/19,Herbivore
2581,37821972,1,CHIPMUNK,33_23_DON_0421.JPG,33_23_DON_0422.JPG,33_23_DON_0423.JPG,33,23,Deciduous,DON,3,5/16/19,9/7/19,8/20/19,Herbivore
2582,37821975,1,CHIPMUNK,33_23_DON_0424.JPG,33_23_DON_0425.JPG,33_23_DON_0426.JPG,33,23,Deciduous,DON,3,5/16/19,9/7/19,8/20/19,Herbivore
2583,37821978,1,CHIPMUNK,33_23_DON_0427.JPG,33_23_DON_0428.JPG,33_23_DON_0429.JPG,33,23,Deciduous,DON,3,5/16/19,9/7/19,8/20/19,Herbivore
2600,37822299,1,CHIPMUNK,33_23_DON_0529.JPG,33_23_DON_0530.JPG,33_23_DON_0531.JPG,33,23,Deciduous,DON,3,5/16/19,9/7/19,8/20/19,Herbivore
2602,37822310,1,CHIPMUNK,33_23_DON_0535.JPG,33_23_DON_0536.JPG,33_23_DON_0537.JPG,33,23,Deciduous,DON,3,5/16/19,9/7/19,8/20/19,Herbivore
2617,37822629,1,CHIPMUNK,33_23_DON_0625.JPG,33_23_DON_0626.JPG,33_23_DON_0627.JPG,33,23,Deciduous,DON,3,5/16/19,9/7/19,8/20/19,Herbivore
2618,37822649,1,CHIPMUNK,33_23_DON_0628.JPG,33_23_DON_0629.JPG,33_23_DON_0630.JPG,33,23,Deciduous,DON,3,5/16/19,9/7/19,8/20/19,Herbivore
2620,37822981,1,CHIPMUNK,33_23_DON_0640.JPG,33_23_DON_0641.JPG,33_23_DON_0642.JPG,33,23,Deciduous,DON,3,5/16/19,9/7/19,8/20/19,Herbivore
2622,37823034,1,CHIPMUNK,33_23_DON_0649.JPG,33_23_DON_0650.JPG,33_23_DON_0651.JPG,33,23,Deciduous,DON,3,5/16/19,9/7/19,8/20/19,Herbivore
2680,39906333,1,CHIPMUNK,34_21_WF_0064.JPG,34_21_WF_0065.JPG,34_21_WF_0066.JPG,34,21,Pine,WF,4,9/29/19,1/26/20,12/14/19,Herbivore
2804,39906308,1,CHIPMUNK,36_32_WF_0019.JPG,36_32_WF_0020.JPG,36_32_WF_0021.JPG,36,32,Pine,WF,4,9/29/19,1/26/20,12/18/19,Herbivore
2805,39906311,1,CHIPMUNK,36_32_WF_0022.JPG,36_32_WF_0023.JPG,36_32_WF_0024.JPG,36,32,Pine,WF,4,9/29/19,1/26/20,12/18/19,Herbivore
2806,39906312,2,CHIPMUNK,36_32_WF_0025.JPG,36_32_WF_0026.JPG,36_32_WF_0027.JPG,36,32,Pine,WF,4,9/29/19,1/26/20,12/18/19,Herbivore
2808,39906316,1,CHIPMUNK,36_32_WF_0031.JPG,36_32_WF_0032.JPG,36_32_WF_0033.JPG,36,32,Pine,WF,4,9/29/19,1/26/20,12/18/19,Herbivore
2830,39906351,1,CHIPMUNK,36_32_WF_0124.JPG,36_32_WF_0125.JPG,36_32_WF_0126.JPG,36,32,Pine,WF,4,9/29/19,1/26/20,12/18/19,Herbivore
2831,39906352,1,CHIPMUNK,36_32_WF_0127.JPG,36_32_WF_0128.JPG,36_32_WF_0129.JPG,36,32,Pine,WF,4,9/29/19,1/26/20,12/18/19,Herbivore
2833,39906354,2,CHIPMUNK,36_32_WF_0133.JPG,36_32_WF_0134.JPG,36_32_WF_0135.JPG,36,32,Pine,WF,4,9/29/19,1/26/20,12/18/19,Herbivore
2837,39906359,2,CHIPMUNK,36_32_WF_0145.JPG,36_32_WF_0146.JPG,36_32_WF_0147.JPG,36,32,Pine,WF,4,9/29/19,1/26/20,12/18/19,Herbivore
2839,39906361,1,CHIPMUNK,36_32_WF_0151.JPG,36_32_WF_0152.JPG,36_32_WF_0153.JPG,36,32,Pine,WF,4,9/29/19,1/26/20,12/18/19,Herbivore
2853,39906386,1,CHIPMUNK,36_32_WF_0193.JPG,36_32_WF_0194.JPG,36_32_WF_0195.JPG,36,32,Pine,WF,4,9/29/19,1/26/20,12/18/19,Herbivore
2855,39906389,2,CHIPMUNK,36_32_WF_0202.JPG,36_32_WF_0203.JPG,36_32_WF_0204.JPG,36,32,Pine,WF,4,9/29/19,1/26/20,12/18/19,Herbivore
2867,39906403,2,CHIPMUNK,36_32_WF_0241.JPG,36_32_WF_0242.JPG,36_32_WF_0243.JPG,36,32,Pine,WF,4,9/29/19,1/26/20,12/18/19,Herbivore
2871,39906410,1,CHIPMUNK,36_32_WF_0256.JPG,36_32_WF_0257.JPG,36_32_WF_0258.JPG,36,32,Pine,WF,4,9/29/19,1/26/20,12/18/19,Herbivore
2872,39906411,2,CHIPMUNK,36_32_WF_0259.JPG,36_32_WF_0260.JPG,36_32_WF_0261.JPG,36,32,Pine,WF,4,9/29/19,1/26/20,12/18/19,Herbivore
2873,39906412,1,CHIPMUNK,36_32_WF_0262.JPG,36_32_WF_0263.JPG,36_32_WF_0264.JPG,36,32,Pine,WF,4,9/29/19,1/26/20,12/18/19,Herbivore
2874,39906413,2,CHIPMUNK,36_32_WF_0265.JPG,36_32_WF_0266.JPG,36_32_WF_0267.JPG,36,32,Pine,WF,4,9/29/19,1/26/20,12/18/19,Herbivore
2879,39906423,1,CHIPMUNK,36_32_WF_0280.JPG,36_32_WF_0281.JPG,36_32_WF_0282.JPG,36,32,Pine,WF,4,9/29/19,1/26/20,12/18/19,Herbivore
2886,39906430,2,CHIPMUNK,36_32_WF_0301.JPG,36_32_WF_0302.JPG,36_32_WF_0303.JPG,36,32,Pine,WF,4,9/29/19,1/26/20,12/18/19,Herbivore
2887,39906431,2,CHIPMUNK,36_32_WF_0304.JPG,36_32_WF_0305.JPG,36_32_WF_0306.JPG,36,32,Pine,WF,4,9/29/19,1/26/20,12/18/19,Herbivore
2899,39906452,1,CHIPMUNK,36_32_WF_0343.JPG,36_32_WF_0344.JPG,36_32_WF_0345.JPG,36,32,Pine,WF,4,9/29/19,1/26/20,12/18/19,Herbivore
2940,39638730,1,CHIPMUNK,37_31_DEG_0019.JPG,37_31_DEG_0020.JPG,37_31_DEG_0021.JPG,37,31,Pine,DEG,4,9/27/19,11/17/19,11/17/19,Herbivore
2941,39638731,1,CHIPMUNK,37_31_DEG_0022.JPG,37_31_DEG_0023.JPG,37_31_DEG_0024.JPG,37,31,Pine,DEG,4,9/27/19,11/17/19,11/17/19,Herbivore
2942,39638735,1,CHIPMUNK,37_31_DEG_0025.JPG,37_31_DEG_0026.JPG,37_31_DEG_0027.JPG,37,31,Pine,DEG,4,9/27/19,11/17/19,11/17/19,Herbivore
2951,39638918,1,CHIPMUNK,37_31_DEG_0058.JPG,37_31_DEG_0059.JPG,37_31_DEG_0060.JPG,37,31,Pine,DEG,4,9/27/19,11/17/19,11/17/19,Herbivore
2953,39639005,1,CHIPMUNK,37_31_DEG_0067.JPG,37_31_DEG_0068.JPG,37_31_DEG_0069.JPG,37,31,Pine,DEG,4,9/27/19,11/17/19,11/17/19,Herbivore
2954,39639034,2,CHIPMUNK,37_31_DEG_0073.JPG,37_31_DEG_0074.JPG,37_31_DEG_0075.JPG,37,31,Pine,DEG,4,9/27/19,11/17/19,11/17/19,Herbivore
2955,39639035,1,CHIPMUNK,37_31_DEG_0076.JPG,37_31_DEG_0077.JPG,37_31_DEG_0078.JPG,37,31,Pine,DEG,4,9/27/19,11/17/19,11/17/19,Herbivore
2958,39639073,2,CHIPMUNK,37_31_DEG_0085.JPG,37_31_DEG_0086.JPG,37_31_DEG_0087.JPG,37,31,Pine,DEG,4,9/27/19,11/17/19,11/17/19,Herbivore
2962,39639150,2,CHIPMUNK,37_31_DEG_0100.JPG,37_31_DEG_0101.JPG,37_31_DEG_0102.JPG,37,31,Pine,DEG,4,9/27/19,11/17/19,11/17/19,Herbivore
2964,39639162,2,CHIPMUNK,37_31_DEG_0106.JPG,37_31_DEG_0107.JPG,37_31_DEG_0108.JPG,37,31,Pine,DEG,4,9/27/19,11/17/19,11/17/19,Herbivore
2968,39639318,1,CHIPMUNK,37_31_DEG_0127.JPG,37_31_DEG_0128.JPG,37_31_DEG_0129.JPG,37,31,Pine,DEG,4,9/27/19,11/17/19,11/17/19,Herbivore
2969,39639325,2,CHIPMUNK,37_31_DEG_0130.JPG,37_31_DEG_0131.JPG,37_31_DEG_0132.JPG,37,31,Pine,DEG,4,9/27/19,11/17/19,11/17/19,Herbivore
2971,39639414,1,CHIPMUNK,37_31_DEG_0142.JPG,37_31_DEG_0143.JPG,37_31_DEG_0144.JPG,37,31,Pine,DEG,4,9/27/19,11/17/19,11/17/19,Herbivore
2974,39639479,1,CHIPMUNK,37_31_DEG_0151.JPG,37_31_DEG_0152.JPG,37_31_DEG_0153.JPG,37,31,Pine,DEG,4,9/27/19,11/17/19,11/17/19,Herbivore
2975,39639483,2,CHIPMUNK,37_31_DEG_0154.JPG,37_31_DEG_0155.JPG,37_31_DEG_0156.JPG,37,31,Pine,DEG,4,9/27/19,11/17/19,11/17/19,Herbivore
2978,39639500,1,CHIPMUNK,37_31_DEG_0163.JPG,37_31_DEG_0164.JPG,37_31_DEG_0165.JPG,37,31,Pine,DEG,4,9/27/19,11/17/19,11/17/19,Herbivore
4,39638777,1,COYOTE,01_23_DEG_000010.JPG,01_23_DEG_000011.JPG,01_23_DEG_000012.JPG,1,23,Pine,DEG,4,9/27/19,11/17/19,11/17/19,Mesocarnivore
32,39639520,1,COYOTE,01_23_DEG_000106.JPG,01_23_DEG_000107.JPG,01_23_DEG_000108.JPG,1,23,Pine,DEG,4,9/27/19,11/17/19,11/17/19,Mesocarnivore
41,39639890,1,COYOTE,01_23_DEG_000139.JPG,01_23_DEG_000140.JPG,01_23_DEG_000141.JPG,1,23,Pine,DEG,4,9/27/19,11/17/19,11/17/19,Mesocarnivore
82,37156560,1,COYOTE,02_42_WHIP_000097.JPG,02_42_WHIP_000098.JPG,02_42_WHIP_000099.JPG,2,42,Pine,WHIP,2,1/24/19,5/13/19,4/22/19,Mesocarnivore
124,39639315,1,COYOTE,03_39_WF_000010.JPG,03_39_WF_000011.JPG,03_39_WF_000012.JPG,3,39,Pine,WF,4,9/29/19,12/6/19,12/6/19,Mesocarnivore
128,39639884,1,COYOTE,03_39_WF_000025.JPG,03_39_WF_000026.JPG,03_39_WF_000027.JPG,3,39,Pine,WF,4,9/29/19,12/6/19,12/6/19,Mesocarnivore
162,31428301,1,COYOTE,04_26_WF_000031.JPG,04_26_WF_000032.JPG,04_26_WF_000033.JPG,4,26,Pine,WF,1,11/17/18,1/31/19,1/10/19,Mesocarnivore
165,31428304,1,COYOTE,04_26_WF_000040.JPG,04_26_WF_000041.JPG,04_26_WF_000042.JPG,4,26,Pine,WF,1,11/17/18,1/31/19,1/10/19,Mesocarnivore
167,31428306,1,COYOTE,04_26_WF_000046.JPG,04_26_WF_000047.JPG,04_26_WF_000048.JPG,4,26,Pine,WF,1,11/17/18,1/31/19,1/10/19,Mesocarnivore
234,37820314,1,COYOTE,06_41_DON_05240028.JPG,06_41_DON_05240029.JPG,06_41_DON_05240030.JPG,6,41,Deciduous,DON,3,5/16/19,9/7/19,9/6/19,Mesocarnivore
249,37821202,1,COYOTE,06_41_DON_06160100.JPG,06_41_DON_06160101.JPG,06_41_DON_06160102.JPG,6,41,Deciduous,DON,3,5/16/19,9/7/19,9/6/19,Mesocarnivore
292,39638787,1,COYOTE,07_42_WHIP_000052.JPG,07_42_WHIP_000053.JPG,07_42_WHIP_000054.JPG,7,42,Pine,WHIP,4,9/27/19,11/12/19,11/11/19,Mesocarnivore
308,39638960,1,COYOTE,07_42_WHIP_000106.JPG,07_42_WHIP_000107.JPG,07_42_WHIP_000108.JPG,7,42,Pine,WHIP,4,9/27/19,11/12/19,11/11/19,Mesocarnivore
535,31428437,1,COYOTE,14_22_DON_000085.JPG,14_22_DON_000086.JPG,14_22_DON_000087.JPG,14,22,Deciduous,DON,1,12/13/18,2/25/19,2/25/19,Mesocarnivore
720,39639800,1,COYOTE,15_06_SH_000517.JPG,15_06_SH_000518.JPG,15_06_SH_000519.JPG,15,6,Deciduous,SH,4,9/20/19,12/7/19,12/7/19,Mesocarnivore
764,39640082,1,COYOTE,15_06_SH_000658.JPG,15_06_SH_000660.JPG,15_06_SH_000659.JPG,15,6,Deciduous,SH,4,9/20/19,12/7/19,12/7/19,Mesocarnivore
775,31428460,2,COYOTE,15_14_DEG_000031.JPG,15_14_DEG_000032.JPG,15_14_DEG_000033.JPG,15,14,Pine,DEG,1,11/26/18,2/7/19,2/7/19,Mesocarnivore
799,31428485,1,COYOTE,15_14_DEG_000106.JPG,15_14_DEG_000107.JPG,NA,15,14,Pine,DEG,1,11/26/18,2/7/19,2/7/19,Mesocarnivore
953,37161943,1,COYOTE,17_08_BC_000103.JPG,17_08_BC_000104.JPG,17_08_BC_000105.JPG,17,8,Deciduous,BC,2,3/4/19,5/11/19,5/11/19,Mesocarnivore
1109,31428638,1,COYOTE,18_16_WHIP_000055.JPG,18_16_WHIP_000056.JPG,18_16_WHIP_000057.JPG,18,16,Pine,WHIP,1,12/18/18,1/24/19,1/24/19,Mesocarnivore
1137,37162021,1,COYOTE,18_40_WHIP_000097.JPG,18_40_WHIP_000098.JPG,NA,18,40,Pine,WHIP,2,1/24/19,5/13/19,4/22/19,Mesocarnivore
1146,37162032,1,COYOTE,18_40_WHIP_000130.JPG,18_40_WHIP_000131.JPG,18_40_WHIP_000132.JPG,18,40,Pine,WHIP,2,1/24/19,5/13/19,4/22/19,Mesocarnivore
1148,37162034,1,COYOTE,18_40_WHIP_000136.JPG,18_40_WHIP_000137.JPG,18_40_WHIP_000138.JPG,18,40,Pine,WHIP,2,1/24/19,5/13/19,4/22/19,Mesocarnivore
1150,37162039,1,COYOTE,18_40_WHIP_000151.JPG,18_40_WHIP_000152.JPG,18_40_WHIP_000153.JPG,18,40,Pine,WHIP,2,1/24/19,5/13/19,4/22/19,Mesocarnivore
1151,37162040,2,COYOTE,18_40_WHIP_000154.JPG,18_40_WHIP_000155.JPG,18_40_WHIP_000156.JPG,18,40,Pine,WHIP,2,1/24/19,5/13/19,4/22/19,Mesocarnivore
1164,37162056,1,COYOTE,18_40_WHIP_000202.JPG,18_40_WHIP_000203.JPG,18_40_WHIP_000204.JPG,18,40,Pine,WHIP,2,1/24/19,5/13/19,4/22/19,Mesocarnivore
1209,31428703,2,COYOTE,22_18_WF_0001.JPG,22_18_WF_0002.JPG,22_18_WF_0003.JPG,22,18,Pine,WF,1,11/17/18,1/31/19,1/28/19,Mesocarnivore
1229,31428723,1,COYOTE,22_18_WF_0064.JPG,22_18_WF_0065.JPG,22_18_WF_0066.JPG,22,18,Pine,WF,1,11/17/18,1/31/19,1/28/19,Mesocarnivore
1236,31428730,1,COYOTE,22_18_WF_0085.JPG,22_18_WF_0086.JPG,22_18_WF_0087.JPG,22,18,Pine,WF,1,11/17/18,1/31/19,1/28/19,Mesocarnivore
1248,31428743,2,COYOTE,22_18_WF_0124.JPG,22_18_WF_0125.JPG,22_18_WF_0126.JPG,22,18,Pine,WF,1,11/17/18,1/31/19,1/28/19,Mesocarnivore
1348,37162149,1,COYOTE,22_31_WF_0079.JPG,22_31_WF_0080.JPG,22_31_WF_0081.JPG,22,31,Pine,WF,2,1/28/19,5/15/19,4/30/19,Mesocarnivore
1350,37162152,1,COYOTE,22_31_WF_0088.JPG,22_31_WF_0089.JPG,22_31_WF_0090.JPG,22,31,Pine,WF,2,1/28/19,5/15/19,4/30/19,Mesocarnivore
1363,37162167,1,COYOTE,22_31_WF_0133.JPG,22_31_WF_0134.JPG,22_31_WF_0135.JPG,22,31,Pine,WF,2,1/28/19,5/15/19,4/30/19,Mesocarnivore
1371,37162175,1,COYOTE,22_31_WF_0163.JPG,22_31_WF_0164.JPG,22_31_WF_0165.JPG,22,31,Pine,WF,2,1/28/19,5/15/19,4/30/19,Mesocarnivore
1373,37162177,1,COYOTE,22_31_WF_0169.JPG,22_31_WF_0170.JPG,22_31_WF_0171.JPG,22,31,Pine,WF,2,1/28/19,5/15/19,4/30/19,Mesocarnivore
1389,37162195,1,COYOTE,22_31_WF_0223.JPG,22_31_WF_0224.JPG,22_31_WF_0225.JPG,22,31,Pine,WF,2,1/28/19,5/15/19,4/30/19,Mesocarnivore
1393,37162199,1,COYOTE,22_31_WF_0235.JPG,22_31_WF_0236.JPG,22_31_WF_0237.JPG,22,31,Pine,WF,2,1/28/19,5/15/19,4/30/19,Mesocarnivore
1400,37162208,1,COYOTE,22_31_WF_0268.JPG,22_31_WF_0269.JPG,22_31_WF_0270.JPG,22,31,Pine,WF,2,1/28/19,5/15/19,4/30/19,Mesocarnivore
1413,31428838,1,COYOTE,23_03_SH_0040.JPG,23_03_SH_0041.JPG,23_03_SH_0042.JPG,23,3,Deciduous,SH,1,11/14/18,2/11/19,2/9/19,Mesocarnivore
1523,37818649,1,COYOTE,23_32_SH_0004.JPG,23_32_SH_0005.JPG,23_32_SH_0006.JPG,23,32,Deciduous,SH,3,5/10/19,8/31/19,8/31/19,Mesocarnivore
1543,37821211,1,COYOTE,23_32_SH_0115.JPG,23_32_SH_0116.JPG,23_32_SH_0117.JPG,23,32,Deciduous,SH,3,5/10/19,8/31/19,8/31/19,Mesocarnivore
1544,37821284,1,COYOTE,23_32_SH_0118.JPG,23_32_SH_0119.JPG,23_32_SH_0120.JPG,23,32,Deciduous,SH,3,5/10/19,8/31/19,8/31/19,Mesocarnivore
1545,37821286,1,COYOTE,23_32_SH_0121.JPG,23_32_SH_0122.JPG,23_32_SH_0123.JPG,23,32,Deciduous,SH,3,5/10/19,8/31/19,8/31/19,Mesocarnivore
1564,37823197,2,COYOTE,23_32_SH_0202.JPG,23_32_SH_0203.JPG,23_32_SH_0204.JPG,23,32,Deciduous,SH,3,5/10/19,8/31/19,8/31/19,Mesocarnivore
1652,37162369,1,COYOTE,25_06_SH_0007.JPG,25_06_SH_0008.JPG,25_06_SH_0009.JPG,25,6,Deciduous,SH,2,2/11/19,5/10/19,5/5/19,Mesocarnivore
1669,31428908,1,COYOTE,25_09_SH_0042.JPG,25_09_SH_0043.JPG,25_09_SH_0044.JPG,25,9,Deciduous,SH,1,11/14/18,2/11/19,1/16/19,Mesocarnivore
1931,37162395,1,COYOTE,28_38_DEG_0022.JPG,28_38_DEG_0023.JPG,28_38_DEG_0024.JPG,28,38,Pine,DEG,2,2/7/19,5/13/19,4/18/19,Mesocarnivore
1936,37162409,1,COYOTE,28_38_DEG_0082.JPG,28_38_DEG_0083.JPG,28_38_DEG_0084.JPG,28,38,Pine,DEG,2,2/7/19,5/13/19,4/18/19,Mesocarnivore
1937,37162412,1,COYOTE,28_38_DEG_0103.JPG,28_38_DEG_0104.JPG,28_38_DEG_0105.JPG,28,38,Pine,DEG,2,2/7/19,5/13/19,4/18/19,Mesocarnivore
1955,37162440,1,COYOTE,29_12_DEG_0049.JPG,29_12_DEG_0050.JPG,29_12_DEG_0051.JPG,29,12,Pine,DEG,2,2/7/19,5/13/19,2/27/19,Mesocarnivore
1960,37162445,2,COYOTE,29_12_DEG_0064.JPG,29_12_DEG_0065.JPG,29_12_DEG_0066.JPG,29,12,Pine,DEG,2,2/7/19,5/13/19,2/27/19,Mesocarnivore
2145,37162457,1,COYOTE,30_22_BC_0034.JPG,30_22_BC_0035.JPG,30_22_BC_0036.JPG,30,22,Deciduous,BC,2,3/4/19,5/11/19,5/11/19,Mesocarnivore
2146,37162458,2,COYOTE,30_22_BC_0037.JPG,30_22_BC_0038.JPG,30_22_BC_0039.JPG,30,22,Deciduous,BC,2,3/4/19,5/11/19,5/11/19,Mesocarnivore
2217,37820316,1,COYOTE,31_03_WHIP_0193.JPG,31_03_WHIP_0194.JPG,31_03_WHIP_0195.JPG,31,3,Pine,WHIP,3,5/13/19,9/4/19,6/9/19,Mesocarnivore
2246,39638745,1,COYOTE,31_15_WHIP_0037.JPG,31_15_WHIP_0038.JPG,31_15_WHIP_0039.JPG,31,15,Pine,WHIP,4,9/27/19,11/1/19,11/10/19,Mesocarnivore
2250,39638779,1,COYOTE,31_15_WHIP_0073.JPG,31_15_WHIP_0074.JPG,31_15_WHIP_0075.JPG,31,15,Pine,WHIP,4,9/27/19,11/1/19,11/10/19,Mesocarnivore
2277,39638863,2,COYOTE,31_15_WHIP_0157.JPG,31_15_WHIP_0158.JPG,31_15_WHIP_0159.JPG,31,15,Pine,WHIP,4,9/27/19,11/1/19,11/10/19,Mesocarnivore
2345,39639806,1,COYOTE,31_15_WHIP_0553.JPG,31_15_WHIP_0554.JPG,31_15_WHIP_0555.JPG,31,15,Pine,WHIP,4,9/27/19,11/1/19,11/10/19,Mesocarnivore
2406,39639937,1,COYOTE,32_13_WHIP_0178.JPG,32_13_WHIP_0179.JPG,32_13_WHIP_0180.JPG,32,13,Pine,WHIP,4,9/27/19,11/12/19,11/12/19,Mesocarnivore
2428,31429152,2,COYOTE,32_17_WHIP_0067.JPG,32_17_WHIP_0068.JPG,32_17_WHIP_0069.JPG,32,17,Pine,WHIP,1,12/17/18,1/24/19,1/24/19,Mesocarnivore
2429,31429153,2,COYOTE,32_17_WHIP_0070.JPG,32_17_WHIP_0071.JPG,32_17_WHIP_0072.JPG,32,17,Pine,WHIP,1,12/17/18,1/24/19,1/24/19,Mesocarnivore
2480,31429174,1,COYOTE,33_01_WF_0061.JPG,33_01_WF_0062.JPG,33_01_WF_0063.JPG,33,1,Pine,WF,1,11/17/18,1/31/19,1/31/19,Mesocarnivore
2482,31429176,1,COYOTE,33_01_WF_0067.JPG,33_01_WF_0068.JPG,33_01_WF_0069.JPG,33,1,Pine,WF,1,11/17/18,1/31/19,1/31/19,Mesocarnivore
2635,39638797,1,COYOTE,33_38_DEG_0031.JPG,33_38_DEG_0032.JPG,33_38_DEG_0033.JPG,33,38,Pine,DEG,4,9/27/19,11/17/19,11/10/19,Mesocarnivore
2640,39638902,1,COYOTE,33_38_DEG_0046.JPG,33_38_DEG_0047.JPG,33_38_DEG_0048.JPG,33,38,Pine,DEG,4,9/27/19,11/17/19,11/10/19,Mesocarnivore
2659,39639904,1,COYOTE,33_38_DEG_0112.JPG,33_38_DEG_0113.JPG,33_38_DEG_0114.JPG,33,38,Pine,DEG,4,9/27/19,11/17/19,11/10/19,Mesocarnivore
2681,39906336,1,COYOTE,34_21_WF_0067.JPG,34_21_WF_0068.JPG,34_21_WF_0069.JPG,34,21,Pine,WF,4,9/29/19,1/26/20,12/14/19,Mesocarnivore
2714,39906456,1,COYOTE,34_21_WF_0172.JPG,34_21_WF_0173.JPG,34_21_WF_0174.JPG,34,21,Pine,WF,4,9/29/19,1/26/20,12/14/19,Mesocarnivore
2736,39906499,1,COYOTE,34_21_WF_0256.JPG,34_21_WF_0257.JPG,34_21_WF_0258.JPG,34,21,Pine,WF,4,9/29/19,1/26/20,12/14/19,Mesocarnivore
2762,39906551,1,COYOTE,34_21_WF_0367.JPG,34_21_WF_0368.JPG,34_21_WF_0369.JPG,34,21,Pine,WF,4,9/29/19,1/26/20,12/14/19,Mesocarnivore
2763,39906552,1,COYOTE,34_21_WF_0370.JPG,34_21_WF_0371.JPG,34_21_WF_0372.JPG,34,21,Pine,WF,4,9/29/19,1/26/20,12/14/19,Mesocarnivore
2827,39906348,1,COYOTE,36_32_WF_0115.JPG,36_32_WF_0116.JPG,36_32_WF_0117.JPG,36,32,Pine,WF,4,9/29/19,1/26/20,12/18/19,Mesocarnivore
2828,39906349,1,COYOTE,36_32_WF_0118.JPG,36_32_WF_0119.JPG,36_32_WF_0120.JPG,36,32,Pine,WF,4,9/29/19,1/26/20,12/18/19,Mesocarnivore
2829,39906350,1,COYOTE,36_32_WF_0121.JPG,36_32_WF_0122.JPG,36_32_WF_0123.JPG,36,32,Pine,WF,4,9/29/19,1/26/20,12/18/19,Mesocarnivore
2883,39906427,1,COYOTE,36_32_WF_0292.JPG,36_32_WF_0293.JPG,36_32_WF_0294.JPG,36,32,Pine,WF,4,9/29/19,1/26/20,12/18/19,Mesocarnivore
2889,39906433,1,COYOTE,36_32_WF_0310.JPG,36_32_WF_0311.JPG,36_32_WF_0312.JPG,36,32,Pine,WF,4,9/29/19,1/26/20,12/18/19,Mesocarnivore
2890,39906434,1,COYOTE,36_32_WF_0313.JPG,36_32_WF_0314.JPG,36_32_WF_0315.JPG,36,32,Pine,WF,4,9/29/19,1/26/20,12/18/19,Mesocarnivore
2891,39906435,1,COYOTE,36_32_WF_0316.JPG,36_32_WF_0317.JPG,36_32_WF_0318.JPG,36,32,Pine,WF,4,9/29/19,1/26/20,12/18/19,Mesocarnivore
2900,39906458,1,COYOTE,36_32_WF_0349.JPG,36_32_WF_0350.JPG,36_32_WF_0351.JPG,36,32,Pine,WF,4,9/29/19,1/26/20,12/18/19,Mesocarnivore
2901,39906460,1,COYOTE,36_32_WF_0355.JPG,36_32_WF_0356.JPG,36_32_WF_0357.JPG,36,32,Pine,WF,4,9/29/19,1/26/20,12/18/19,Mesocarnivore
2907,39906474,1,COYOTE,36_32_WF_0376.JPG,36_32_WF_0377.JPG,36_32_WF_0378.JPG,36,32,Pine,WF,4,9/29/19,1/26/20,12/18/19,Mesocarnivore
2908,39906475,2,COYOTE,36_32_WF_0379.JPG,36_32_WF_0380.JPG,36_32_WF_0381.JPG,36,32,Pine,WF,4,9/29/19,1/26/20,12/18/19,Mesocarnivore
2909,39906477,2,COYOTE,36_32_WF_0382.JPG,36_32_WF_0383.JPG,36_32_WF_0384.JPG,36,32,Pine,WF,4,9/29/19,1/26/20,12/18/19,Mesocarnivore
2914,39906484,1,COYOTE,36_32_WF_0400.JPG,36_32_WF_0401.JPG,36_32_WF_0402.JPG,36,32,Pine,WF,4,9/29/19,1/26/20,12/18/19,Mesocarnivore
2919,39906521,1,COYOTE,36_32_WF_0415.JPG,36_32_WF_0416.JPG,36_32_WF_0417.JPG,36,32,Pine,WF,4,9/29/19,1/26/20,12/18/19,Mesocarnivore
2925,39906531,1,COYOTE,36_32_WF_0433.JPG,36_32_WF_0434.JPG,36_32_WF_0435.JPG,36,32,Pine,WF,4,9/29/19,1/26/20,12/18/19,Mesocarnivore
2935,39906554,1,COYOTE,36_32_WF_0463.JPG,36_32_WF_0464.JPG,36_32_WF_0465.JPG,36,32,Pine,WF,4,9/29/19,1/26/20,12/18/19,Mesocarnivore
2950,39638898,1,COYOTE,37_31_DEG_0055.JPG,37_31_DEG_0056.JPG,37_31_DEG_0057.JPG,37,31,Pine,DEG,4,9/27/19,11/17/19,11/17/19,Mesocarnivore
2961,39639131,1,COYOTE,37_31_DEG_0097.JPG,37_31_DEG_0098.JPG,37_31_DEG_0099.JPG,37,31,Pine,DEG,4,9/27/19,11/17/19,11/17/19,Mesocarnivore
2976,39639489,1,COYOTE,37_31_DEG_0157.JPG,37_31_DEG_0158.JPG,37_31_DEG_0159.JPG,37,31,Pine,DEG,4,9/27/19,11/17/19,11/17/19,Mesocarnivore
2993,39639936,1,COYOTE,37_31_DEG_0211.JPG,37_31_DEG_0212.JPG,37_31_DEG_0213.JPG,37,31,Pine,DEG,4,9/27/19,11/17/19,11/17/19,Mesocarnivore
2,39638692,1,DEERWHITETAILED,01_23_DEG_000004.JPG,01_23_DEG_000005.JPG,01_23_DEG_000006.JPG,1,23,Pine,DEG,4,9/27/19,11/17/19,11/17/19,Herbivore
13,39638921,1,DEERWHITETAILED,01_23_DEG_000043.JPG,01_23_DEG_000044.JPG,01_23_DEG_000045.JPG,1,23,Pine,DEG,4,9/27/19,11/17/19,11/17/19,Herbivore
15,39638930,1,DEERWHITETAILED,01_23_DEG_000049.JPG,01_23_DEG_000051.JPG,01_23_DEG_000050.JPG,1,23,Pine,DEG,4,9/27/19,11/17/19,11/17/19,Herbivore
21,39639045,1,DEERWHITETAILED,01_23_DEG_000067.JPG,01_23_DEG_000068.JPG,01_23_DEG_000069.JPG,1,23,Pine,DEG,4,9/27/19,11/17/19,11/17/19,Herbivore
24,39639207,1,DEERWHITETAILED,01_23_DEG_000076.JPG,01_23_DEG_000077.JPG,01_23_DEG_000078.JPG,1,23,Pine,DEG,4,9/27/19,11/17/19,11/17/19,Herbivore
27,39639304,1,DEERWHITETAILED,01_23_DEG_000087.JPG,01_23_DEG_000085.JPG,01_23_DEG_000086.JPG,1,23,Pine,DEG,4,9/27/19,11/17/19,11/17/19,Herbivore
28,39639307,1,DEERWHITETAILED,01_23_DEG_000088.JPG,01_23_DEG_000089.JPG,01_23_DEG_000090.JPG,1,23,Pine,DEG,4,9/27/19,11/17/19,11/17/19,Herbivore
36,39639702,1,DEERWHITETAILED,01_23_DEG_000124.JPG,01_23_DEG_000125.JPG,01_23_DEG_000126.JPG,1,23,Pine,DEG,4,9/27/19,11/17/19,11/17/19,Herbivore
38,39639814,1,DEERWHITETAILED,01_23_DEG_000131.JPG,01_23_DEG_000130.JPG,01_23_DEG_000132.JPG,1,23,Pine,DEG,4,9/27/19,11/17/19,11/17/19,Herbivore
40,39639879,1,DEERWHITETAILED,01_23_DEG_000136.JPG,01_23_DEG_000137.JPG,01_23_DEG_000138.JPG,1,23,Pine,DEG,4,9/27/19,11/17/19,11/17/19,Herbivore
42,39639947,1,DEERWHITETAILED,01_23_DEG_000148.JPG,01_23_DEG_000149.JPG,01_23_DEG_000150.JPG,1,23,Pine,DEG,4,9/27/19,11/17/19,11/17/19,Herbivore
43,39639953,1,DEERWHITETAILED,01_23_DEG_000151.JPG,01_23_DEG_000152.JPG,01_23_DEG_000153.JPG,1,23,Pine,DEG,4,9/27/19,11/17/19,11/17/19,Herbivore
55,37156529,1,DEERWHITETAILED,02_42_WHIP_000004.JPG,02_42_WHIP_000005.JPG,02_42_WHIP_000006.JPG,2,42,Pine,WHIP,2,1/24/19,5/13/19,4/22/19,Herbivore
57,37156531,1,DEERWHITETAILED,02_42_WHIP_000010.JPG,02_42_WHIP_000011.JPG,02_42_WHIP_000012.JPG,2,42,Pine,WHIP,2,1/24/19,5/13/19,4/22/19,Herbivore
58,37156532,1,DEERWHITETAILED,02_42_WHIP_000013.JPG,02_42_WHIP_000014.JPG,02_42_WHIP_000015.JPG,2,42,Pine,WHIP,2,1/24/19,5/13/19,4/22/19,Herbivore
59,37156535,1,DEERWHITETAILED,02_42_WHIP_000022.JPG,02_42_WHIP_000023.JPG,NA,2,42,Pine,WHIP,2,1/24/19,5/13/19,4/22/19,Herbivore
60,37156536,1,DEERWHITETAILED,02_42_WHIP_000025.JPG,02_42_WHIP_000026.JPG,NA,2,42,Pine,WHIP,2,1/24/19,5/13/19,4/22/19,Herbivore
61,37156537,1,DEERWHITETAILED,02_42_WHIP_000028.JPG,02_42_WHIP_000029.JPG,NA,2,42,Pine,WHIP,2,1/24/19,5/13/19,4/22/19,Herbivore
62,37156538,1,DEERWHITETAILED,02_42_WHIP_000034.JPG,02_42_WHIP_000035.JPG,02_42_WHIP_000036.JPG,2,42,Pine,WHIP,2,1/24/19,5/13/19,4/22/19,Herbivore
63,37156540,1,DEERWHITETAILED,02_42_WHIP_000040.JPG,02_42_WHIP_000041.JPG,02_42_WHIP_000042.JPG,2,42,Pine,WHIP,2,1/24/19,5/13/19,4/22/19,Herbivore
65,37156542,1,DEERWHITETAILED,02_42_WHIP_000046.JPG,02_42_WHIP_000047.JPG,02_42_WHIP_000048.JPG,2,42,Pine,WHIP,2,1/24/19,5/13/19,4/22/19,Herbivore
66,37156543,1,DEERWHITETAILED,02_42_WHIP_000049.JPG,02_42_WHIP_000050.JPG,02_42_WHIP_000051.JPG,2,42,Pine,WHIP,2,1/24/19,5/13/19,4/22/19,Herbivore
70,37156547,1,DEERWHITETAILED,02_42_WHIP_000061.JPG,02_42_WHIP_000062.JPG,02_42_WHIP_000063.JPG,2,42,Pine,WHIP,2,1/24/19,5/13/19,4/22/19,Herbivore
71,37156548,1,DEERWHITETAILED,02_42_WHIP_000064.JPG,02_42_WHIP_000065.JPG,02_42_WHIP_000066.JPG,2,42,Pine,WHIP,2,1/24/19,5/13/19,4/22/19,Herbivore
72,37156550,1,DEERWHITETAILED,02_42_WHIP_000067.JPG,02_42_WHIP_000068.JPG,02_42_WHIP_000069.JPG,2,42,Pine,WHIP,2,1/24/19,5/13/19,4/22/19,Herbivore
73,37156551,1,DEERWHITETAILED,02_42_WHIP_000070.JPG,02_42_WHIP_000071.JPG,02_42_WHIP_000072.JPG,2,42,Pine,WHIP,2,1/24/19,5/13/19,4/22/19,Herbivore
75,37156553,1,DEERWHITETAILED,02_42_WHIP_000076.JPG,02_42_WHIP_000077.JPG,02_42_WHIP_000078.JPG,2,42,Pine,WHIP,2,1/24/19,5/13/19,4/22/19,Herbivore
79,37156557,1,DEERWHITETAILED,02_42_WHIP_000088.JPG,02_42_WHIP_000089.JPG,02_42_WHIP_000090.JPG,2,42,Pine,WHIP,2,1/24/19,5/13/19,4/22/19,Herbivore
80,37156558,1,DEERWHITETAILED,02_42_WHIP_000091.JPG,02_42_WHIP_000092.JPG,02_42_WHIP_000093.JPG,2,42,Pine,WHIP,2,1/24/19,5/13/19,4/22/19,Herbivore
83,37156561,1,DEERWHITETAILED,02_42_WHIP_000100.JPG,02_42_WHIP_000101.JPG,02_42_WHIP_000102.JPG,2,42,Pine,WHIP,2,1/24/19,5/13/19,4/22/19,Herbivore
87,37818851,1,DEERWHITETAILED,03_05_SH_000013.JPG,03_05_SH_000014.JPG,03_05_SH_000015.JPG,3,5,Deciduous,SH,1,11/14/18,2/11/19,11/28/18,Herbivore
88,31428290,1,DEERWHITETAILED,03_05_SH_000013.JPG,03_05_SH_000014.JPG,03_05_SH_000015.JPG,3,5,Deciduous,SH,3,5/10/19,8/31/19,8/31/19,Herbivore
91,37156565,1,DEERWHITETAILED,03_07_SH_000007.JPG,03_07_SH_000008.JPG,03_07_SH_000009.JPG,3,7,Deciduous,SH,2,2/11/19,5/10/19,5/10/19,Herbivore
92,37156566,1,DEERWHITETAILED,03_07_SH_000010.JPG,03_07_SH_000011.JPG,03_07_SH_000012.JPG,3,7,Deciduous,SH,2,2/11/19,5/10/19,5/10/19,Herbivore
93,37156567,1,DEERWHITETAILED,03_07_SH_000013.JPG,03_07_SH_000014.JPG,03_07_SH_000015.JPG,3,7,Deciduous,SH,2,2/11/19,5/10/19,5/10/19,Herbivore
94,37156569,1,DEERWHITETAILED,03_07_SH_000019.JPG,03_07_SH_000020.JPG,03_07_SH_000021.JPG,3,7,Deciduous,SH,2,2/11/19,5/10/19,5/10/19,Herbivore
95,37156570,1,DEERWHITETAILED,03_07_SH_000022.JPG,03_07_SH_000023.JPG,03_07_SH_000024.JPG,3,7,Deciduous,SH,2,2/11/19,5/10/19,5/10/19,Herbivore
96,37156571,1,DEERWHITETAILED,03_07_SH_000025.JPG,03_07_SH_000026.JPG,03_07_SH_000027.JPG,3,7,Deciduous,SH,2,2/11/19,5/10/19,5/10/19,Herbivore
97,37156572,1,DEERWHITETAILED,03_07_SH_000028.JPG,03_07_SH_000029.JPG,03_07_SH_000030.JPG,3,7,Deciduous,SH,2,2/11/19,5/10/19,5/10/19,Herbivore
98,37156573,1,DEERWHITETAILED,03_07_SH_000031.JPG,03_07_SH_000032.JPG,03_07_SH_000033.JPG,3,7,Deciduous,SH,2,2/11/19,5/10/19,5/10/19,Herbivore
100,37156582,1,DEERWHITETAILED,03_07_SH_000058.JPG,03_07_SH_000059.JPG,03_07_SH_000060.JPG,3,7,Deciduous,SH,2,2/11/19,5/10/19,5/10/19,Herbivore
101,37156583,1,DEERWHITETAILED,03_07_SH_000061.JPG,03_07_SH_000062.JPG,03_07_SH_000063.JPG,3,7,Deciduous,SH,2,2/11/19,5/10/19,5/10/19,Herbivore
102,37156584,1,DEERWHITETAILED,03_07_SH_000064.JPG,03_07_SH_000065.JPG,03_07_SH_000066.JPG,3,7,Deciduous,SH,2,2/11/19,5/10/19,5/10/19,Herbivore
103,37156585,1,DEERWHITETAILED,03_07_SH_000067.JPG,03_07_SH_000068.JPG,03_07_SH_000069.JPG,3,7,Deciduous,SH,2,2/11/19,5/10/19,5/10/19,Herbivore
104,37156586,1,DEERWHITETAILED,03_07_SH_000070.JPG,03_07_SH_000071.JPG,03_07_SH_000072.JPG,3,7,Deciduous,SH,2,2/11/19,5/10/19,5/10/19,Herbivore
105,37156588,1,DEERWHITETAILED,03_07_SH_000076.JPG,03_07_SH_000077.JPG,03_07_SH_000078.JPG,3,7,Deciduous,SH,2,2/11/19,5/10/19,5/10/19,Herbivore
106,37156589,2,DEERWHITETAILED,03_07_SH_000079.JPG,03_07_SH_000080.JPG,03_07_SH_000081.JPG,3,7,Deciduous,SH,2,2/11/19,5/10/19,5/10/19,Herbivore
107,37156590,1,DEERWHITETAILED,03_07_SH_000082.JPG,03_07_SH_000083.JPG,03_07_SH_000084.JPG,3,7,Deciduous,SH,2,2/11/19,5/10/19,5/10/19,Herbivore
108,37156591,1,DEERWHITETAILED,03_07_SH_000085.JPG,03_07_SH_000086.JPG,03_07_SH_000087.JPG,3,7,Deciduous,SH,2,2/11/19,5/10/19,5/10/19,Herbivore
109,37156592,1,DEERWHITETAILED,03_07_SH_000088.JPG,03_07_SH_000089.JPG,03_07_SH_000090.JPG,3,7,Deciduous,SH,2,2/11/19,5/10/19,5/10/19,Herbivore
110,37156593,1,DEERWHITETAILED,03_07_SH_000091.JPG,03_07_SH_000092.JPG,03_07_SH_000093.JPG,3,7,Deciduous,SH,2,2/11/19,5/10/19,5/10/19,Herbivore
111,37156594,1,DEERWHITETAILED,03_07_SH_000094.JPG,03_07_SH_000095.JPG,03_07_SH_000096.JPG,3,7,Deciduous,SH,2,2/11/19,5/10/19,5/10/19,Herbivore
112,37156595,1,DEERWHITETAILED,03_07_SH_000097.JPG,03_07_SH_000098.JPG,03_07_SH_000099.JPG,3,7,Deciduous,SH,2,2/11/19,5/10/19,5/10/19,Herbivore
113,37156596,1,DEERWHITETAILED,03_07_SH_000100.JPG,03_07_SH_000101.JPG,03_07_SH_000102.JPG,3,7,Deciduous,SH,2,2/11/19,5/10/19,5/10/19,Herbivore
114,37156597,1,DEERWHITETAILED,03_07_SH_000103.JPG,03_07_SH_000104.JPG,03_07_SH_000105.JPG,3,7,Deciduous,SH,2,2/11/19,5/10/19,5/10/19,Herbivore
115,37156598,1,DEERWHITETAILED,03_07_SH_000109.JPG,03_07_SH_000110.JPG,03_07_SH_000111.JPG,3,7,Deciduous,SH,2,2/11/19,5/10/19,5/10/19,Herbivore
116,37156599,1,DEERWHITETAILED,03_07_SH_000112.JPG,03_07_SH_000113.JPG,03_07_SH_000114.JPG,3,7,Deciduous,SH,2,2/11/19,5/10/19,5/10/19,Herbivore
117,37156600,1,DEERWHITETAILED,03_07_SH_000115.JPG,03_07_SH_000116.JPG,03_07_SH_000117.JPG,3,7,Deciduous,SH,2,2/11/19,5/10/19,5/10/19,Herbivore
118,37156601,2,DEERWHITETAILED,03_07_SH_000118.JPG,03_07_SH_000119.JPG,03_07_SH_000120.JPG,3,7,Deciduous,SH,2,2/11/19,5/10/19,5/10/19,Herbivore
119,37156602,1,DEERWHITETAILED,03_07_SH_000121.JPG,03_07_SH_000122.JPG,03_07_SH_000123.JPG,3,7,Deciduous,SH,2,2/11/19,5/10/19,5/10/19,Herbivore
126,39639522,1,DEERWHITETAILED,03_39_WF_000016.JPG,03_39_WF_000017.JPG,03_39_WF_000018.JPG,3,39,Pine,WF,4,9/29/19,12/6/19,12/6/19,Herbivore
129,39639903,1,DEERWHITETAILED,03_39_WF_000028.JPG,03_39_WF_000029.JPG,03_39_WF_000030.JPG,3,39,Pine,WF,4,9/29/19,12/6/19,12/6/19,Herbivore
130,39639949,1,DEERWHITETAILED,03_39_WF_000031.JPG,03_39_WF_000032.JPG,03_39_WF_000033.JPG,3,39,Pine,WF,4,9/29/19,12/6/19,12/6/19,Herbivore
131,39639950,1,DEERWHITETAILED,03_39_WF_000034.JPG,03_39_WF_000035.JPG,03_39_WF_000036.JPG,3,39,Pine,WF,4,9/29/19,12/6/19,12/6/19,Herbivore
132,39640010,1,DEERWHITETAILED,03_39_WF_000037.JPG,03_39_WF_000038.JPG,03_39_WF_000039.JPG,3,39,Pine,WF,4,9/29/19,12/6/19,12/6/19,Herbivore
138,40303374,1,DEERWHITETAILED,04_12_BC_000016.JPG,04_12_BC_000017.JPG,04_12_BC_000018.JPG,4,12,Deciduous,BC,4,10/19/19,2/2/20,12/15/19,Herbivore
139,40303375,1,DEERWHITETAILED,04_12_BC_000019.JPG,04_12_BC_000020.JPG,04_12_BC_000021.JPG,4,12,Deciduous,BC,4,10/19/19,2/2/20,12/15/19,Herbivore
140,40303376,1,DEERWHITETAILED,04_12_BC_000022.JPG,04_12_BC_000023.JPG,04_12_BC_000024.JPG,4,12,Deciduous,BC,4,10/19/19,2/2/20,12/15/19,Herbivore
141,40303377,1,DEERWHITETAILED,04_12_BC_000025.JPG,04_12_BC_000026.JPG,04_12_BC_000027.JPG,4,12,Deciduous,BC,4,10/19/19,2/2/20,12/15/19,Herbivore
146,40303387,1,DEERWHITETAILED,04_12_BC_000043.JPG,04_12_BC_000044.JPG,04_12_BC_000045.JPG,4,12,Deciduous,BC,4,10/19/19,2/2/20,12/15/19,Herbivore
147,40303388,1,DEERWHITETAILED,04_12_BC_000046.JPG,04_12_BC_000047.JPG,04_12_BC_000048.JPG,4,12,Deciduous,BC,4,10/19/19,2/2/20,12/15/19,Herbivore
158,31428297,1,DEERWHITETAILED,04_26_WF_000019.JPG,04_26_WF_000020.JPG,04_26_WF_000021.JPG,4,26,Pine,WF,1,11/17/18,1/31/19,1/10/19,Herbivore
159,31428298,1,DEERWHITETAILED,04_26_WF_000022.JPG,04_26_WF_000023.JPG,04_26_WF_000024.JPG,4,26,Pine,WF,1,11/17/18,1/31/19,1/10/19,Herbivore
160,31428299,1,DEERWHITETAILED,04_26_WF_000025.JPG,04_26_WF_000026.JPG,04_26_WF_000027.JPG,4,26,Pine,WF,1,11/17/18,1/31/19,1/10/19,Herbivore
161,31428300,1,DEERWHITETAILED,04_26_WF_000028.JPG,04_26_WF_000029.JPG,04_26_WF_000030.JPG,4,26,Pine,WF,1,11/17/18,1/31/19,1/10/19,Herbivore
163,31428302,1,DEERWHITETAILED,04_26_WF_000034.JPG,04_26_WF_000035.JPG,04_26_WF_000036.JPG,4,26,Pine,WF,1,11/17/18,1/31/19,1/10/19,Herbivore
168,37156611,1,DEERWHITETAILED,04_36_WF_000019.JPG,04_36_WF_000020.JPG,04_36_WF_000021.JPG,4,36,Pine,WF,2,1/31/19,5/15/19,3/26/19,Herbivore
169,37156612,1,DEERWHITETAILED,04_36_WF_000022.JPG,04_36_WF_000023.JPG,04_36_WF_000024.JPG,4,36,Pine,WF,2,1/31/19,5/15/19,3/26/19,Herbivore
170,37156613,1,DEERWHITETAILED,04_36_WF_000025.JPG,04_36_WF_000026.JPG,04_36_WF_000027.JPG,4,36,Pine,WF,2,1/31/19,5/15/19,3/26/19,Herbivore
171,37156614,1,DEERWHITETAILED,04_36_WF_000028.JPG,04_36_WF_000029.JPG,04_36_WF_000030.JPG,4,36,Pine,WF,2,1/31/19,5/15/19,3/26/19,Herbivore
172,37156615,1,DEERWHITETAILED,04_36_WF_000031.JPG,04_36_WF_000032.JPG,04_36_WF_000033.JPG,4,36,Pine,WF,2,1/31/19,5/15/19,3/26/19,Herbivore
173,37156617,1,DEERWHITETAILED,04_36_WF_000037.JPG,04_36_WF_000038.JPG,04_36_WF_000039.JPG,4,36,Pine,WF,2,1/31/19,5/15/19,3/26/19,Herbivore
174,37156618,1,DEERWHITETAILED,04_36_WF_000040.JPG,04_36_WF_000041.JPG,04_36_WF_000042.JPG,4,36,Pine,WF,2,1/31/19,5/15/19,3/26/19,Herbivore
175,37156619,1,DEERWHITETAILED,04_36_WF_000043.JPG,04_36_WF_000044.JPG,04_36_WF_000045.JPG,4,36,Pine,WF,2,1/31/19,5/15/19,3/26/19,Herbivore
176,37156620,1,DEERWHITETAILED,04_36_WF_000046.JPG,04_36_WF_000047.JPG,04_36_WF_000048.JPG,4,36,Pine,WF,2,1/31/19,5/15/19,3/26/19,Herbivore
178,37156622,1,DEERWHITETAILED,04_36_WF_000052.JPG,04_36_WF_000053.JPG,04_36_WF_000054.JPG,4,36,Pine,WF,2,1/31/19,5/15/19,3/26/19,Herbivore
180,37156624,1,DEERWHITETAILED,04_36_WF_000058.JPG,04_36_WF_000059.JPG,04_36_WF_000060.JPG,4,36,Pine,WF,2,1/31/19,5/15/19,3/26/19,Herbivore
181,37156625,1,DEERWHITETAILED,04_36_WF_000061.JPG,04_36_WF_000062.JPG,04_36_WF_000063.JPG,4,36,Pine,WF,2,1/31/19,5/15/19,3/26/19,Herbivore
182,37156626,1,DEERWHITETAILED,04_36_WF_000064.JPG,04_36_WF_000065.JPG,04_36_WF_000066.JPG,4,36,Pine,WF,2,1/31/19,5/15/19,3/26/19,Herbivore
183,37156627,1,DEERWHITETAILED,04_36_WF_000067.JPG,04_36_WF_000068.JPG,04_36_WF_000069.JPG,4,36,Pine,WF,2,1/31/19,5/15/19,3/26/19,Herbivore
185,37156629,1,DEERWHITETAILED,04_36_WF_000082.JPG,04_36_WF_000083.JPG,NA,4,36,Pine,WF,2,1/31/19,5/15/19,3/26/19,Herbivore
186,37156630,1,DEERWHITETAILED,04_36_WF_000085.JPG,04_36_WF_000086.JPG,NA,4,36,Pine,WF,2,1/31/19,5/15/19,3/26/19,Herbivore
189,37156633,1,DEERWHITETAILED,04_36_WF_000097.JPG,04_36_WF_000098.JPG,NA,4,36,Pine,WF,2,1/31/19,5/15/19,3/26/19,Herbivore
190,37156634,1,DEERWHITETAILED,04_36_WF_000100.JPG,04_36_WF_000101.JPG,04_36_WF_000102.JPG,4,36,Pine,WF,2,1/31/19,5/15/19,3/26/19,Herbivore
191,37156635,1,DEERWHITETAILED,04_36_WF_000103.JPG,04_36_WF_000104.JPG,04_36_WF_000105.JPG,4,36,Pine,WF,2,1/31/19,5/15/19,3/26/19,Herbivore
192,37156636,1,DEERWHITETAILED,04_36_WF_000106.JPG,04_36_WF_000107.JPG,NA,4,36,Pine,WF,2,1/31/19,5/15/19,3/26/19,Herbivore
193,37156637,1,DEERWHITETAILED,04_36_WF_000109.JPG,04_36_WF_000110.JPG,04_36_WF_000111.JPG,4,36,Pine,WF,2,1/31/19,5/15/19,3/26/19,Herbivore
194,37156638,1,DEERWHITETAILED,04_36_WF_000112.JPG,04_36_WF_000113.JPG,04_36_WF_000114.JPG,4,36,Pine,WF,2,1/31/19,5/15/19,3/26/19,Herbivore
195,37156639,2,DEERWHITETAILED,04_36_WF_000115.JPG,04_36_WF_000116.JPG,04_36_WF_000117.JPG,4,36,Pine,WF,2,1/31/19,5/15/19,3/26/19,Herbivore
196,37156640,1,DEERWHITETAILED,04_36_WF_000118.JPG,04_36_WF_000119.JPG,04_36_WF_000120.JPG,4,36,Pine,WF,2,1/31/19,5/15/19,3/26/19,Herbivore
197,37156641,1,DEERWHITETAILED,04_36_WF_000121.JPG,04_36_WF_000122.JPG,04_36_WF_000123.JPG,4,36,Pine,WF,2,1/31/19,5/15/19,3/26/19,Herbivore
200,37156645,1,DEERWHITETAILED,04_36_WF_000133.JPG,04_36_WF_000134.JPG,04_36_WF_000135.JPG,4,36,Pine,WF,2,1/31/19,5/15/19,3/26/19,Herbivore
201,37156646,1,DEERWHITETAILED,04_36_WF_000136.JPG,04_36_WF_000137.JPG,04_36_WF_000138.JPG,4,36,Pine,WF,2,1/31/19,5/15/19,3/26/19,Herbivore
202,37156647,1,DEERWHITETAILED,04_36_WF_000139.JPG,04_36_WF_000140.JPG,04_36_WF_000141.JPG,4,36,Pine,WF,2,1/31/19,5/15/19,3/26/19,Herbivore
203,37156649,1,DEERWHITETAILED,04_36_WF_000145.JPG,04_36_WF_000146.JPG,04_36_WF_000147.JPG,4,36,Pine,WF,2,1/31/19,5/15/19,3/26/19,Herbivore
206,39638718,1,DEERWHITETAILED,05_34_WF_000007.JPG,05_34_WF_000008.JPG,05_34_WF_000009.JPG,5,34,Pine,WF,4,9/29/19,12/6/19,12/6/19,Herbivore
213,39639379,1,DEERWHITETAILED,05_34_WF_000028.JPG,05_34_WF_000029.JPG,05_34_WF_000030.JPG,5,34,Pine,WF,4,9/29/19,12/6/19,12/6/19,Herbivore
214,39639590,1,DEERWHITETAILED,05_34_WF_000034.JPG,05_34_WF_000036.JPG,05_34_WF_000035.JPG,5,34,Pine,WF,4,9/29/19,12/6/19,12/6/19,Herbivore
215,39639703,2,DEERWHITETAILED,05_34_WF_000040.JPG,05_34_WF_000041.JPG,05_34_WF_000042.JPG,5,34,Pine,WF,4,9/29/19,12/6/19,12/6/19,Herbivore
216,39639704,1,DEERWHITETAILED,05_34_WF_000043.JPG,05_34_WF_000044.JPG,05_34_WF_000045.JPG,5,34,Pine,WF,4,9/29/19,12/6/19,12/6/19,Herbivore
217,39639851,1,DEERWHITETAILED,05_34_WF_000046.JPG,05_34_WF_000047.JPG,05_34_WF_000048.JPG,5,34,Pine,WF,4,9/29/19,12/6/19,12/6/19,Herbivore
218,39639905,1,DEERWHITETAILED,05_34_WF_000050.JPG,05_34_WF_000049.JPG,NA,5,34,Pine,WF,4,9/29/19,12/6/19,12/6/19,Herbivore
219,39639943,1,DEERWHITETAILED,05_34_WF_000052.JPG,05_34_WF_000053.JPG,05_34_WF_000054.JPG,5,34,Pine,WF,4,9/29/19,12/6/19,12/6/19,Herbivore
220,39639959,1,DEERWHITETAILED,05_34_WF_000055.JPG,05_34_WF_000056.JPG,05_34_WF_000057.JPG,5,34,Pine,WF,4,9/29/19,12/6/19,12/6/19,Herbivore
221,39639968,2,DEERWHITETAILED,05_34_WF_000058.JPG,05_34_WF_000059.JPG,05_34_WF_000060.JPG,5,34,Pine,WF,4,9/29/19,12/6/19,12/6/19,Herbivore
223,39640002,1,DEERWHITETAILED,05_34_WF_000064.JPG,05_34_WF_000065.JPG,05_34_WF_000066.JPG,5,34,Pine,WF,4,9/29/19,12/6/19,12/6/19,Herbivore
227,37820161,1,DEERWHITETAILED,06_41_DON_05210004.JPG,06_41_DON_05210005.JPG,06_41_DON_05210006.JPG,6,41,Deciduous,DON,3,5/16/19,9/7/19,9/6/19,Herbivore
228,37820162,2,DEERWHITETAILED,06_41_DON_05210007.JPG,06_41_DON_05210008.JPG,06_41_DON_05210009.JPG,6,41,Deciduous,DON,3,5/16/19,9/7/19,9/6/19,Herbivore
229,37820164,2,DEERWHITETAILED,06_41_DON_05210010.JPG,06_41_DON_05210011.JPG,06_41_DON_05210012.JPG,6,41,Deciduous,DON,3,5/16/19,9/7/19,9/6/19,Herbivore
230,37820165,2,DEERWHITETAILED,06_41_DON_05210013.JPG,06_41_DON_05210014.JPG,06_41_DON_05210015.JPG,6,41,Deciduous,DON,3,5/16/19,9/7/19,9/6/19,Herbivore
231,37820166,1,DEERWHITETAILED,06_41_DON_05210016.JPG,06_41_DON_05210017.JPG,06_41_DON_05210018.JPG,6,41,Deciduous,DON,3,5/16/19,9/7/19,9/6/19,Herbivore
233,37820259,1,DEERWHITETAILED,06_41_DON_05220025.JPG,06_41_DON_05220026.JPG,06_41_DON_05220027.JPG,6,41,Deciduous,DON,3,5/16/19,9/7/19,9/6/19,Herbivore
235,37820331,1,DEERWHITETAILED,06_41_DON_05250031.JPG,06_41_DON_05250032.JPG,06_41_DON_05250033.JPG,6,41,Deciduous,DON,3,5/16/19,9/7/19,9/6/19,Herbivore
236,37820449,1,DEERWHITETAILED,06_41_DON_05300055.JPG,06_41_DON_05300056.JPG,06_41_DON_05300057.JPG,6,41,Deciduous,DON,3,5/16/19,9/7/19,9/6/19,Herbivore
237,37820452,1,DEERWHITETAILED,06_41_DON_05300058.JPG,06_41_DON_05300059.JPG,06_41_DON_05300060.JPG,6,41,Deciduous,DON,3,5/16/19,9/7/19,9/6/19,Herbivore
238,37820453,2,DEERWHITETAILED,06_41_DON_05300061.JPG,06_41_DON_05300062.JPG,06_41_DON_05300063.JPG,6,41,Deciduous,DON,3,5/16/19,9/7/19,9/6/19,Herbivore
239,37820454,2,DEERWHITETAILED,06_41_DON_05300064.JPG,06_41_DON_05300065.JPG,06_41_DON_05300066.JPG,6,41,Deciduous,DON,3,5/16/19,9/7/19,9/6/19,Herbivore
240,37820457,1,DEERWHITETAILED,06_41_DON_05300070.JPG,06_41_DON_05300071.JPG,06_41_DON_05300072.JPG,6,41,Deciduous,DON,3,5/16/19,9/7/19,9/6/19,Herbivore
241,37820460,1,DEERWHITETAILED,06_41_DON_05310073.JPG,06_41_DON_05310074.JPG,06_41_DON_05310075.JPG,6,41,Deciduous,DON,3,5/16/19,9/7/19,9/6/19,Herbivore
243,37820590,1,DEERWHITETAILED,06_41_DON_06040082.JPG,06_41_DON_06040083.JPG,06_41_DON_06040084.JPG,6,41,Deciduous,DON,3,5/16/19,9/7/19,9/6/19,Herbivore
246,37820998,1,DEERWHITETAILED,06_41_DON_06140091.JPG,06_41_DON_06140092.JPG,06_41_DON_06140093.JPG,6,41,Deciduous,DON,3,5/16/19,9/7/19,9/6/19,Herbivore
247,37821000,2,DEERWHITETAILED,06_41_DON_06140094.JPG,06_41_DON_06140095.JPG,06_41_DON_06140096.JPG,6,41,Deciduous,DON,3,5/16/19,9/7/19,9/6/19,Herbivore
248,37821171,1,DEERWHITETAILED,06_41_DON_06150097.JPG,06_41_DON_06150098.JPG,06_41_DON_06150099.JPG,6,41,Deciduous,DON,3,5/16/19,9/7/19,9/6/19,Herbivore
250,37821358,1,DEERWHITETAILED,06_41_DON_06200103.JPG,06_41_DON_06200104.JPG,06_41_DON_06200105.JPG,6,41,Deciduous,DON,3,5/16/19,9/7/19,9/6/19,Herbivore
251,37821942,1,DEERWHITETAILED,06_41_DON_06300109.JPG,06_41_DON_06300110.JPG,06_41_DON_06300111.JPG,6,41,Deciduous,DON,3,5/16/19,9/7/19,9/6/19,Herbivore
252,37822056,1,DEERWHITETAILED,06_41_DON_07060112.JPG,06_41_DON_07060113.JPG,06_41_DON_07060114.JPG,6,41,Deciduous,DON,3,5/16/19,9/7/19,9/6/19,Herbivore
253,37822057,1,DEERWHITETAILED,06_41_DON_07060115.JPG,06_41_DON_07060116.JPG,06_41_DON_07060117.JPG,6,41,Deciduous,DON,3,5/16/19,9/7/19,9/6/19,Herbivore
254,37822110,2,DEERWHITETAILED,06_41_DON_07090121.JPG,06_41_DON_07090122.JPG,06_41_DON_07090123.JPG,6,41,Deciduous,DON,3,5/16/19,9/7/19,9/6/19,Herbivore
255,37822253,1,DEERWHITETAILED,06_41_DON_07160127.JPG,06_41_DON_07160128.JPG,06_41_DON_07160129.JPG,6,41,Deciduous,DON,3,5/16/19,9/7/19,9/6/19,Herbivore
257,37822322,1,DEERWHITETAILED,06_41_DON_07190133.JPG,06_41_DON_07190134.JPG,06_41_DON_07190135.JPG,6,41,Deciduous,DON,3,5/16/19,9/7/19,9/6/19,Herbivore
258,37822324,1,DEERWHITETAILED,06_41_DON_07190136.JPG,06_41_DON_07190137.JPG,06_41_DON_07190138.JPG,6,41,Deciduous,DON,3,5/16/19,9/7/19,9/6/19,Herbivore
259,37822325,1,DEERWHITETAILED,06_41_DON_07190139.JPG,06_41_DON_07190140.JPG,06_41_DON_07190141.JPG,6,41,Deciduous,DON,3,5/16/19,9/7/19,9/6/19,Herbivore
260,37822336,1,DEERWHITETAILED,06_41_DON_07200142.JPG,06_41_DON_07200143.JPG,06_41_DON_07200144.JPG,6,41,Deciduous,DON,3,5/16/19,9/7/19,9/6/19,Herbivore
261,37822368,2,DEERWHITETAILED,06_41_DON_07220145.JPG,06_41_DON_07220146.JPG,06_41_DON_07220147.JPG,6,41,Deciduous,DON,3,5/16/19,9/7/19,9/6/19,Herbivore
262,37822392,1,DEERWHITETAILED,06_41_DON_07240148.JPG,06_41_DON_07240149.JPG,06_41_DON_07240150.JPG,6,41,Deciduous,DON,3,5/16/19,9/7/19,9/6/19,Herbivore
263,37822746,1,DEERWHITETAILED,06_41_DON_08070154.JPG,06_41_DON_08070155.JPG,06_41_DON_08070156.JPG,6,41,Deciduous,DON,3,5/16/19,9/7/19,9/6/19,Herbivore
264,37822752,1,DEERWHITETAILED,06_41_DON_08080160.JPG,06_41_DON_08080161.JPG,06_41_DON_08080162.JPG,6,41,Deciduous,DON,3,5/16/19,9/7/19,9/6/19,Herbivore
265,37822954,1,DEERWHITETAILED,06_41_DON_08130163.JPG,06_41_DON_08130164.JPG,06_41_DON_08130165.JPG,6,41,Deciduous,DON,3,5/16/19,9/7/19,9/6/19,Herbivore
266,37822959,1,DEERWHITETAILED,06_41_DON_08130166.JPG,06_41_DON_08130167.JPG,06_41_DON_08130168.JPG,6,41,Deciduous,DON,3,5/16/19,9/7/19,9/6/19,Herbivore
267,37822961,1,DEERWHITETAILED,06_41_DON_08130169.JPG,06_41_DON_08130170.JPG,06_41_DON_08130171.JPG,6,41,Deciduous,DON,3,5/16/19,9/7/19,9/6/19,Herbivore
268,37823035,1,DEERWHITETAILED,06_41_DON_08180172.JPG,06_41_DON_08180173.JPG,06_41_DON_08180174.JPG,6,41,Deciduous,DON,3,5/16/19,9/7/19,9/6/19,Herbivore
275,37823716,1,DEERWHITETAILED,06_41_DON_08310208.JPG,06_41_DON_08310209.JPG,06_41_DON_08310210.JPG,6,41,Deciduous,DON,3,5/16/19,9/7/19,9/6/19,Herbivore
276,37823979,1,DEERWHITETAILED,06_41_DON_09060211.JPG,06_41_DON_09060212.JPG,06_41_DON_09060213.JPG,6,41,Deciduous,DON,3,5/16/19,9/7/19,9/6/19,Herbivore
291,39638724,1,DEERWHITETAILED,07_42_WHIP_000040.JPG,07_42_WHIP_000041.JPG,07_42_WHIP_000042.JPG,7,42,Pine,WHIP,4,9/27/19,11/12/19,11/11/19,Herbivore
294,39638790,1,DEERWHITETAILED,07_42_WHIP_000058.JPG,07_42_WHIP_000059.JPG,07_42_WHIP_000060.JPG,7,42,Pine,WHIP,4,9/27/19,11/12/19,11/11/19,Herbivore
298,39638832,1,DEERWHITETAILED,07_42_WHIP_000070.JPG,07_42_WHIP_000071.JPG,07_42_WHIP_000072.JPG,7,42,Pine,WHIP,4,9/27/19,11/12/19,11/11/19,Herbivore
341,39639593,1,DEERWHITETAILED,07_42_WHIP_000217.JPG,07_42_WHIP_000218.JPG,07_42_WHIP_000219.JPG,7,42,Pine,WHIP,4,9/27/19,11/12/19,11/11/19,Herbivore
343,39639661,1,DEERWHITETAILED,07_42_WHIP_000223.JPG,07_42_WHIP_000224.JPG,07_42_WHIP_000225.JPG,7,42,Pine,WHIP,4,9/27/19,11/12/19,11/11/19,Herbivore
346,39639868,1,DEERWHITETAILED,07_42_WHIP_000235.JPG,07_42_WHIP_000236.JPG,07_42_WHIP_000237.JPG,7,42,Pine,WHIP,4,9/27/19,11/12/19,11/11/19,Herbivore
347,39639929,1,DEERWHITETAILED,07_42_WHIP_000238.JPG,07_42_WHIP_000239.JPG,07_42_WHIP_000240.JPG,7,42,Pine,WHIP,4,9/27/19,11/12/19,11/11/19,Herbivore
348,37160179,1,DEERWHITETAILED,08_11_DEG_000001.JPG,08_11_DEG_000002.JPG,08_11_DEG_000003.JPG,8,11,Pine,DEG,2,2/7/19,5/13/19,4/18/19,Herbivore
349,37160180,2,DEERWHITETAILED,08_11_DEG_000004.JPG,08_11_DEG_000005.JPG,08_11_DEG_000006.JPG,8,11,Pine,DEG,2,2/7/19,5/13/19,4/18/19,Herbivore
350,37160181,1,DEERWHITETAILED,08_11_DEG_000007.JPG,08_11_DEG_000008.JPG,08_11_DEG_000009.JPG,8,11,Pine,DEG,2,2/7/19,5/13/19,4/18/19,Herbivore
351,37160182,1,DEERWHITETAILED,08_11_DEG_000010.JPG,08_11_DEG_000011.JPG,08_11_DEG_000012.JPG,8,11,Pine,DEG,2,2/7/19,5/13/19,4/18/19,Herbivore
352,37160183,1,DEERWHITETAILED,08_11_DEG_000013.JPG,08_11_DEG_000014.JPG,08_11_DEG_000015.JPG,8,11,Pine,DEG,2,2/7/19,5/13/19,4/18/19,Herbivore
353,31428313,1,DEERWHITETAILED,09_25_WF_000001.JPG,09_25_WF_000002.JPG,09_25_WF_000003.JPG,9,25,Pine,WF,1,11/17/18,1/31/19,12/2/18,Herbivore
355,37160232,1,DEERWHITETAILED,10_25_SH_000004.JPG,10_25_SH_000005.JPG,10_25_SH_000006.JPG,10,25,Deciduous,SH,2,2/11/19,5/10/19,5/10/19,Herbivore
356,37160233,1,DEERWHITETAILED,10_25_SH_000007.JPG,10_25_SH_000008.JPG,10_25_SH_000009.JPG,10,25,Deciduous,SH,2,2/11/19,5/10/19,5/10/19,Herbivore
357,37160234,1,DEERWHITETAILED,10_25_SH_000010.JPG,10_25_SH_000011.JPG,10_25_SH_000012.JPG,10,25,Deciduous,SH,2,2/11/19,5/10/19,5/10/19,Herbivore
362,41008463,1,DEERWHITETAILED,10_35_DON_000010.JPG,10_35_DON_000011.JPG,10_35_DON_000012.JPG,10,35,Deciduous,DON,4,9/17/19,11/15/19,11/15/19,Herbivore
365,41008524,1,DEERWHITETAILED,10_35_DON_000160.JPG,10_35_DON_000161.JPG,10_35_DON_000162.JPG,10,35,Deciduous,DON,4,9/17/19,11/15/19,11/15/19,Herbivore
370,31428315,1,DEERWHITETAILED,11_13_BC_000002.JPG,11_13_BC_000001.JPG,11_13_BC_000003.JPG,11,13,Deciduous,BC,1,11/15/18,3/4/19,3/4/19,Herbivore
371,31428316,1,DEERWHITETAILED,11_13_BC_000004.JPG,11_13_BC_000005.JPG,11_13_BC_000006.JPG,11,13,Deciduous,BC,1,11/15/18,3/4/19,3/4/19,Herbivore
424,31428383,1,DEERWHITETAILED,11_13_BC_000208.JPG,11_13_BC_000209.JPG,11_13_BC_000210.JPG,11,13,Deciduous,BC,1,11/15/18,3/4/19,3/4/19,Herbivore
425,31428384,1,DEERWHITETAILED,11_13_BC_000211.JPG,11_13_BC_000212.JPG,11_13_BC_000213.JPG,11,13,Deciduous,BC,1,11/15/18,3/4/19,3/4/19,Herbivore
426,31428385,1,DEERWHITETAILED,11_13_BC_000214.JPG,11_13_BC_000215.JPG,11_13_BC_000216.JPG,11,13,Deciduous,BC,1,11/15/18,3/4/19,3/4/19,Herbivore
427,31428386,1,DEERWHITETAILED,11_13_BC_000217.JPG,11_13_BC_000218.JPG,11_13_BC_000219.JPG,11,13,Deciduous,BC,1,11/15/18,3/4/19,3/4/19,Herbivore
428,31428387,1,DEERWHITETAILED,11_13_BC_000220.JPG,11_13_BC_000221.JPG,11_13_BC_000222.JPG,11,13,Deciduous,BC,1,11/15/18,3/4/19,3/4/19,Herbivore
443,37161887,1,DEERWHITETAILED,14_05_DON_000034.JPG,14_05_DON_000035.JPG,14_05_DON_000036.JPG,14,5,Deciduous,DON,2,2/28/19,5/16/19,4/22/19,Herbivore
444,37161899,1,DEERWHITETAILED,14_05_DON_000100.JPG,14_05_DON_000101.JPG,14_05_DON_000102.JPG,14,5,Deciduous,DON,2,2/28/19,5/16/19,4/22/19,Herbivore
449,37818925,1,DEERWHITETAILED,14_17_WF_000016.JPG,14_17_WF_000017.JPG,14_17_WF_000018.JPG,14,17,Pine,WF,3,5/15/19,9/3/19,9/3/19,Herbivore
450,37818927,1,DEERWHITETAILED,14_17_WF_000019.JPG,14_17_WF_000020.JPG,14_17_WF_000021.JPG,14,17,Pine,WF,3,5/15/19,9/3/19,9/3/19,Herbivore
451,37818928,1,DEERWHITETAILED,14_17_WF_000022.JPG,14_17_WF_000023.JPG,14_17_WF_000024.JPG,14,17,Pine,WF,3,5/15/19,9/3/19,9/3/19,Herbivore
460,37820324,1,DEERWHITETAILED,14_17_WF_000049.JPG,14_17_WF_000050.JPG,14_17_WF_000051.JPG,14,17,Pine,WF,3,5/15/19,9/3/19,9/3/19,Herbivore
471,37820582,1,DEERWHITETAILED,14_17_WF_000124.JPG,14_17_WF_000125.JPG,14_17_WF_000126.JPG,14,17,Pine,WF,3,5/15/19,9/3/19,9/3/19,Herbivore
472,37820583,2,DEERWHITETAILED,14_17_WF_000127.JPG,14_17_WF_000128.JPG,14_17_WF_000129.JPG,14,17,Pine,WF,3,5/15/19,9/3/19,9/3/19,Herbivore
478,37820926,1,DEERWHITETAILED,14_17_WF_000247.JPG,14_17_WF_000248.JPG,14_17_WF_000249.JPG,14,17,Pine,WF,3,5/15/19,9/3/19,9/3/19,Herbivore
481,37820993,1,DEERWHITETAILED,14_17_WF_000295.JPG,14_17_WF_000296.JPG,14_17_WF_000297.JPG,14,17,Pine,WF,3,5/15/19,9/3/19,9/3/19,Herbivore
485,37821342,1,DEERWHITETAILED,14_17_WF_000514.JPG,14_17_WF_000515.JPG,14_17_WF_000516.JPG,14,17,Pine,WF,3,5/15/19,9/3/19,9/3/19,Herbivore
500,37822340,1,DEERWHITETAILED,14_17_WF_000847.JPG,14_17_WF_000848.JPG,14_17_WF_000849.JPG,14,17,Pine,WF,3,5/15/19,9/3/19,9/3/19,Herbivore
501,37822353,2,DEERWHITETAILED,14_17_WF_000850.JPG,14_17_WF_000851.JPG,14_17_WF_000852.JPG,14,17,Pine,WF,3,5/15/19,9/3/19,9/3/19,Herbivore
505,37822438,1,DEERWHITETAILED,14_17_WF_000862.JPG,14_17_WF_000863.JPG,14_17_WF_000864.JPG,14,17,Pine,WF,3,5/15/19,9/3/19,9/3/19,Herbivore
506,37822512,1,DEERWHITETAILED,14_17_WF_000865.JPG,14_17_WF_000866.JPG,14_17_WF_000867.JPG,14,17,Pine,WF,3,5/15/19,9/3/19,9/3/19,Herbivore
507,37822584,1,DEERWHITETAILED,14_17_WF_000868.JPG,14_17_WF_000869.JPG,14_17_WF_000870.JPG,14,17,Pine,WF,3,5/15/19,9/3/19,9/3/19,Herbivore
508,37822585,1,DEERWHITETAILED,14_17_WF_000871.JPG,14_17_WF_000872.JPG,14_17_WF_000873.JPG,14,17,Pine,WF,3,5/15/19,9/3/19,9/3/19,Herbivore
510,37822654,1,DEERWHITETAILED,14_17_WF_000877.JPG,14_17_WF_000878.JPG,14_17_WF_000879.JPG,14,17,Pine,WF,3,5/15/19,9/3/19,9/3/19,Herbivore
511,37822656,1,DEERWHITETAILED,14_17_WF_000880.JPG,14_17_WF_000881.JPG,14_17_WF_000882.JPG,14,17,Pine,WF,3,5/15/19,9/3/19,9/3/19,Herbivore
512,37822739,1,DEERWHITETAILED,14_17_WF_000883.JPG,14_17_WF_000884.JPG,14_17_WF_000885.JPG,14,17,Pine,WF,3,5/15/19,9/3/19,9/3/19,Herbivore
513,37823247,1,DEERWHITETAILED,14_17_WF_000901.JPG,14_17_WF_000902.JPG,14_17_WF_000903.JPG,14,17,Pine,WF,3,5/15/19,9/3/19,9/3/19,Herbivore
515,31428410,1,DEERWHITETAILED,14_22_DON_000004.JPG,14_22_DON_000005.JPG,14_22_DON_000006.JPG,14,22,Deciduous,DON,1,12/13/18,2/25/19,2/25/19,Herbivore
517,31428414,2,DEERWHITETAILED,14_22_DON_000016.JPG,14_22_DON_000017.JPG,14_22_DON_000018.JPG,14,22,Deciduous,DON,1,12/13/18,2/25/19,2/25/19,Herbivore
518,31428415,1,DEERWHITETAILED,14_22_DON_000019.JPG,14_22_DON_000020.JPG,14_22_DON_000021.JPG,14,22,Deciduous,DON,1,12/13/18,2/25/19,2/25/19,Herbivore
519,31428417,1,DEERWHITETAILED,14_22_DON_000025.JPG,14_22_DON_000026.JPG,14_22_DON_000027.JPG,14,22,Deciduous,DON,1,12/13/18,2/25/19,2/25/19,Herbivore
520,31428418,1,DEERWHITETAILED,14_22_DON_000028.JPG,14_22_DON_000029.JPG,14_22_DON_000030.JPG,14,22,Deciduous,DON,1,12/13/18,2/25/19,2/25/19,Herbivore
521,31428419,1,DEERWHITETAILED,14_22_DON_000031.JPG,14_22_DON_000032.JPG,14_22_DON_000033.JPG,14,22,Deciduous,DON,1,12/13/18,2/25/19,2/25/19,Herbivore
522,31428420,1,DEERWHITETAILED,14_22_DON_000034.JPG,14_22_DON_000035.JPG,14_22_DON_000036.JPG,14,22,Deciduous,DON,1,12/13/18,2/25/19,2/25/19,Herbivore
523,31428421,1,DEERWHITETAILED,14_22_DON_000037.JPG,14_22_DON_000038.JPG,14_22_DON_000039.JPG,14,22,Deciduous,DON,1,12/13/18,2/25/19,2/25/19,Herbivore
524,31428422,1,DEERWHITETAILED,14_22_DON_000040.JPG,14_22_DON_000041.JPG,14_22_DON_000042.JPG,14,22,Deciduous,DON,1,12/13/18,2/25/19,2/25/19,Herbivore
525,31428424,1,DEERWHITETAILED,14_22_DON_000046.JPG,14_22_DON_000047.JPG,14_22_DON_000048.JPG,14,22,Deciduous,DON,1,12/13/18,2/25/19,2/25/19,Herbivore
526,31428425,1,DEERWHITETAILED,14_22_DON_000049.JPG,14_22_DON_000050.JPG,14_22_DON_000051.JPG,14,22,Deciduous,DON,1,12/13/18,2/25/19,2/25/19,Herbivore
527,31428426,1,DEERWHITETAILED,14_22_DON_000052.JPG,14_22_DON_000053.JPG,14_22_DON_000054.JPG,14,22,Deciduous,DON,1,12/13/18,2/25/19,2/25/19,Herbivore
528,31428427,1,DEERWHITETAILED,14_22_DON_000055.JPG,14_22_DON_000056.JPG,14_22_DON_000057.JPG,14,22,Deciduous,DON,1,12/13/18,2/25/19,2/25/19,Herbivore
529,31428428,1,DEERWHITETAILED,14_22_DON_000058.JPG,14_22_DON_000059.JPG,14_22_DON_000060.JPG,14,22,Deciduous,DON,1,12/13/18,2/25/19,2/25/19,Herbivore
530,31428429,1,DEERWHITETAILED,14_22_DON_000061.JPG,14_22_DON_000062.JPG,14_22_DON_000063.JPG,14,22,Deciduous,DON,1,12/13/18,2/25/19,2/25/19,Herbivore
532,31428431,1,DEERWHITETAILED,14_22_DON_000067.JPG,14_22_DON_000068.JPG,14_22_DON_000069.JPG,14,22,Deciduous,DON,1,12/13/18,2/25/19,2/25/19,Herbivore
534,31428433,1,DEERWHITETAILED,14_22_DON_000073.JPG,14_22_DON_000074.JPG,14_22_DON_000075.JPG,14,22,Deciduous,DON,1,12/13/18,2/25/19,2/25/19,Herbivore
536,31428438,1,DEERWHITETAILED,14_22_DON_000088.JPG,14_22_DON_000089.JPG,14_22_DON_000090.JPG,14,22,Deciduous,DON,1,12/13/18,2/25/19,2/25/19,Herbivore
537,31428440,1,DEERWHITETAILED,14_22_DON_000094.JPG,14_22_DON_000095.JPG,14_22_DON_000096.JPG,14,22,Deciduous,DON,1,12/13/18,2/25/19,2/25/19,Herbivore
538,31428441,1,DEERWHITETAILED,14_22_DON_000097.JPG,14_22_DON_000098.JPG,14_22_DON_000099.JPG,14,22,Deciduous,DON,1,12/13/18,2/25/19,2/25/19,Herbivore
540,31428444,1,DEERWHITETAILED,14_22_DON_000106.JPG,14_22_DON_000107.JPG,14_22_DON_000108.JPG,14,22,Deciduous,DON,1,12/13/18,2/25/19,2/25/19,Herbivore
543,31428448,1,DEERWHITETAILED,14_22_DON_000118.JPG,14_22_DON_000119.JPG,14_22_DON_000120.JPG,14,22,Deciduous,DON,1,12/13/18,2/25/19,2/25/19,Herbivore
545,39638584,1,DEERWHITETAILED,14_25_DON_000001.JPG,14_25_DON_000002.JPG,14_25_DON_000003.JPG,14,25,Deciduous,DON,4,9/17/19,11/6/19,11/6/19,Herbivore
546,39638626,1,DEERWHITETAILED,14_25_DON_000004.JPG,14_25_DON_000005.JPG,14_25_DON_000006.JPG,14,25,Deciduous,DON,4,9/17/19,11/6/19,11/6/19,Herbivore
553,39638596,1,DEERWHITETAILED,15_06_SH_000007.JPG,15_06_SH_000008.JPG,15_06_SH_000009.JPG,15,6,Deciduous,SH,4,9/20/19,12/7/19,12/7/19,Herbivore
554,39638597,1,DEERWHITETAILED,15_06_SH_000010.JPG,15_06_SH_000011.JPG,15_06_SH_000012.JPG,15,6,Deciduous,SH,4,9/20/19,12/7/19,12/7/19,Herbivore
557,39638638,1,DEERWHITETAILED,15_06_SH_000019.JPG,15_06_SH_000020.JPG,15_06_SH_000021.JPG,15,6,Deciduous,SH,4,9/20/19,12/7/19,12/7/19,Herbivore
558,39638639,1,DEERWHITETAILED,15_06_SH_000022.JPG,15_06_SH_000023.JPG,15_06_SH_000024.JPG,15,6,Deciduous,SH,4,9/20/19,12/7/19,12/7/19,Herbivore
559,39638640,1,DEERWHITETAILED,15_06_SH_000025.JPG,15_06_SH_000026.JPG,15_06_SH_000027.JPG,15,6,Deciduous,SH,4,9/20/19,12/7/19,12/7/19,Herbivore
560,39638641,1,DEERWHITETAILED,15_06_SH_000028.JPG,15_06_SH_000029.JPG,15_06_SH_000030.JPG,15,6,Deciduous,SH,4,9/20/19,12/7/19,12/7/19,Herbivore
572,39638925,1,DEERWHITETAILED,15_06_SH_000067.JPG,15_06_SH_000068.JPG,15_06_SH_000069.JPG,15,6,Deciduous,SH,4,9/20/19,12/7/19,12/7/19,Herbivore
577,39639069,1,DEERWHITETAILED,15_06_SH_000085.JPG,15_06_SH_000086.JPG,15_06_SH_000087.JPG,15,6,Deciduous,SH,4,9/20/19,12/7/19,12/7/19,Herbivore
579,39639087,1,DEERWHITETAILED,15_06_SH_000091.JPG,15_06_SH_000092.JPG,15_06_SH_000093.JPG,15,6,Deciduous,SH,4,9/20/19,12/7/19,12/7/19,Herbivore
583,39639168,1,DEERWHITETAILED,15_06_SH_000103.JPG,15_06_SH_000104.JPG,15_06_SH_000105.JPG,15,6,Deciduous,SH,4,9/20/19,12/7/19,12/7/19,Herbivore
585,39639201,1,DEERWHITETAILED,15_06_SH_000109.JPG,15_06_SH_000110.JPG,15_06_SH_000111.JPG,15,6,Deciduous,SH,4,9/20/19,12/7/19,12/7/19,Herbivore
588,39639241,1,DEERWHITETAILED,15_06_SH_000118.JPG,15_06_SH_000119.JPG,15_06_SH_000120.JPG,15,6,Deciduous,SH,4,9/20/19,12/7/19,12/7/19,Herbivore
589,39639242,1,DEERWHITETAILED,15_06_SH_000121.JPG,15_06_SH_000122.JPG,15_06_SH_000123.JPG,15,6,Deciduous,SH,4,9/20/19,12/7/19,12/7/19,Herbivore
590,39639244,1,DEERWHITETAILED,15_06_SH_000124.JPG,15_06_SH_000125.JPG,15_06_SH_000126.JPG,15,6,Deciduous,SH,4,9/20/19,12/7/19,12/7/19,Herbivore
591,39639253,1,DEERWHITETAILED,15_06_SH_000127.JPG,15_06_SH_000128.JPG,15_06_SH_000129.JPG,15,6,Deciduous,SH,4,9/20/19,12/7/19,12/7/19,Herbivore
592,39639254,1,DEERWHITETAILED,15_06_SH_000130.JPG,15_06_SH_000132.JPG,15_06_SH_000131.JPG,15,6,Deciduous,SH,4,9/20/19,12/7/19,12/7/19,Herbivore
593,39639255,1,DEERWHITETAILED,15_06_SH_000133.JPG,15_06_SH_000134.JPG,15_06_SH_000135.JPG,15,6,Deciduous,SH,4,9/20/19,12/7/19,12/7/19,Herbivore
594,39639256,1,DEERWHITETAILED,15_06_SH_000136.JPG,15_06_SH_000137.JPG,15_06_SH_000138.JPG,15,6,Deciduous,SH,4,9/20/19,12/7/19,12/7/19,Herbivore
595,39639257,1,DEERWHITETAILED,15_06_SH_000139.JPG,15_06_SH_000140.JPG,15_06_SH_000141.JPG,15,6,Deciduous,SH,4,9/20/19,12/7/19,12/7/19,Herbivore
596,39639258,1,DEERWHITETAILED,15_06_SH_000142.JPG,15_06_SH_000143.JPG,15_06_SH_000144.JPG,15,6,Deciduous,SH,4,9/20/19,12/7/19,12/7/19,Herbivore
597,39639259,1,DEERWHITETAILED,15_06_SH_000145.JPG,15_06_SH_000146.JPG,15_06_SH_000147.JPG,15,6,Deciduous,SH,4,9/20/19,12/7/19,12/7/19,Herbivore
598,39639260,1,DEERWHITETAILED,15_06_SH_000148.JPG,15_06_SH_000149.JPG,15_06_SH_000150.JPG,15,6,Deciduous,SH,4,9/20/19,12/7/19,12/7/19,Herbivore
599,39639261,1,DEERWHITETAILED,15_06_SH_000151.JPG,15_06_SH_000152.JPG,15_06_SH_000153.JPG,15,6,Deciduous,SH,4,9/20/19,12/7/19,12/7/19,Herbivore
600,39639262,1,DEERWHITETAILED,15_06_SH_000154.JPG,15_06_SH_000155.JPG,15_06_SH_000156.JPG,15,6,Deciduous,SH,4,9/20/19,12/7/19,12/7/19,Herbivore
601,39639263,1,DEERWHITETAILED,15_06_SH_000157.JPG,15_06_SH_000158.JPG,15_06_SH_000159.JPG,15,6,Deciduous,SH,4,9/20/19,12/7/19,12/7/19,Herbivore
602,39639264,1,DEERWHITETAILED,15_06_SH_000160.JPG,15_06_SH_000161.JPG,15_06_SH_000162.JPG,15,6,Deciduous,SH,4,9/20/19,12/7/19,12/7/19,Herbivore
603,39639265,1,DEERWHITETAILED,15_06_SH_000163.JPG,15_06_SH_000164.JPG,15_06_SH_000165.JPG,15,6,Deciduous,SH,4,9/20/19,12/7/19,12/7/19,Herbivore
604,39639266,1,DEERWHITETAILED,15_06_SH_000166.JPG,15_06_SH_000167.JPG,15_06_SH_000168.JPG,15,6,Deciduous,SH,4,9/20/19,12/7/19,12/7/19,Herbivore
605,39639267,1,DEERWHITETAILED,15_06_SH_000169.JPG,15_06_SH_000170.JPG,15_06_SH_000171.JPG,15,6,Deciduous,SH,4,9/20/19,12/7/19,12/7/19,Herbivore
606,39639268,2,DEERWHITETAILED,15_06_SH_000172.JPG,15_06_SH_000173.JPG,15_06_SH_000174.JPG,15,6,Deciduous,SH,4,9/20/19,12/7/19,12/7/19,Herbivore
607,39639269,1,DEERWHITETAILED,15_06_SH_000175.JPG,15_06_SH_000176.JPG,15_06_SH_000177.JPG,15,6,Deciduous,SH,4,9/20/19,12/7/19,12/7/19,Herbivore
608,39639270,1,DEERWHITETAILED,15_06_SH_000178.JPG,15_06_SH_000179.JPG,15_06_SH_000180.JPG,15,6,Deciduous,SH,4,9/20/19,12/7/19,12/7/19,Herbivore
609,39639271,1,DEERWHITETAILED,15_06_SH_000181.JPG,15_06_SH_000182.JPG,15_06_SH_000183.JPG,15,6,Deciduous,SH,4,9/20/19,12/7/19,12/7/19,Herbivore
610,39639272,1,DEERWHITETAILED,15_06_SH_000184.JPG,15_06_SH_000185.JPG,15_06_SH_000186.JPG,15,6,Deciduous,SH,4,9/20/19,12/7/19,12/7/19,Herbivore
611,39639273,1,DEERWHITETAILED,15_06_SH_000187.JPG,15_06_SH_000188.JPG,15_06_SH_000189.JPG,15,6,Deciduous,SH,4,9/20/19,12/7/19,12/7/19,Herbivore
612,39639274,1,DEERWHITETAILED,15_06_SH_000190.JPG,15_06_SH_000191.JPG,15_06_SH_000192.JPG,15,6,Deciduous,SH,4,9/20/19,12/7/19,12/7/19,Herbivore
613,39639275,1,DEERWHITETAILED,15_06_SH_000193.JPG,15_06_SH_000195.JPG,15_06_SH_000194.JPG,15,6,Deciduous,SH,4,9/20/19,12/7/19,12/7/19,Herbivore
614,39639276,1,DEERWHITETAILED,15_06_SH_000196.JPG,15_06_SH_000197.JPG,15_06_SH_000198.JPG,15,6,Deciduous,SH,4,9/20/19,12/7/19,12/7/19,Herbivore
615,39639277,1,DEERWHITETAILED,15_06_SH_000199.JPG,15_06_SH_000200.JPG,15_06_SH_000201.JPG,15,6,Deciduous,SH,4,9/20/19,12/7/19,12/7/19,Herbivore
616,39639278,1,DEERWHITETAILED,15_06_SH_000202.JPG,15_06_SH_000203.JPG,15_06_SH_000204.JPG,15,6,Deciduous,SH,4,9/20/19,12/7/19,12/7/19,Herbivore
617,39639279,1,DEERWHITETAILED,15_06_SH_000205.JPG,15_06_SH_000206.JPG,15_06_SH_000207.JPG,15,6,Deciduous,SH,4,9/20/19,12/7/19,12/7/19,Herbivore
618,39639280,1,DEERWHITETAILED,15_06_SH_000208.JPG,15_06_SH_000209.JPG,15_06_SH_000210.JPG,15,6,Deciduous,SH,4,9/20/19,12/7/19,12/7/19,Herbivore
619,39639282,1,DEERWHITETAILED,15_06_SH_000214.JPG,15_06_SH_000215.JPG,15_06_SH_000216.JPG,15,6,Deciduous,SH,4,9/20/19,12/7/19,12/7/19,Herbivore
620,39639283,1,DEERWHITETAILED,15_06_SH_000217.JPG,15_06_SH_000218.JPG,15_06_SH_000219.JPG,15,6,Deciduous,SH,4,9/20/19,12/7/19,12/7/19,Herbivore
621,39639284,1,DEERWHITETAILED,15_06_SH_000220.JPG,15_06_SH_000221.JPG,15_06_SH_000222.JPG,15,6,Deciduous,SH,4,9/20/19,12/7/19,12/7/19,Herbivore
622,39639285,1,DEERWHITETAILED,15_06_SH_000223.JPG,15_06_SH_000224.JPG,15_06_SH_000225.JPG,15,6,Deciduous,SH,4,9/20/19,12/7/19,12/7/19,Herbivore
623,39639286,1,DEERWHITETAILED,15_06_SH_000226.JPG,15_06_SH_000227.JPG,15_06_SH_000228.JPG,15,6,Deciduous,SH,4,9/20/19,12/7/19,12/7/19,Herbivore
624,39639287,1,DEERWHITETAILED,15_06_SH_000229.JPG,15_06_SH_000230.JPG,15_06_SH_000231.JPG,15,6,Deciduous,SH,4,9/20/19,12/7/19,12/7/19,Herbivore
625,39639288,1,DEERWHITETAILED,15_06_SH_000232.JPG,15_06_SH_000233.JPG,15_06_SH_000234.JPG,15,6,Deciduous,SH,4,9/20/19,12/7/19,12/7/19,Herbivore
626,39639289,1,DEERWHITETAILED,15_06_SH_000235.JPG,15_06_SH_000236.JPG,15_06_SH_000237.JPG,15,6,Deciduous,SH,4,9/20/19,12/7/19,12/7/19,Herbivore
627,39639290,1,DEERWHITETAILED,15_06_SH_000238.JPG,15_06_SH_000239.JPG,15_06_SH_000240.JPG,15,6,Deciduous,SH,4,9/20/19,12/7/19,12/7/19,Herbivore
628,39639292,1,DEERWHITETAILED,15_06_SH_000241.JPG,15_06_SH_000242.JPG,15_06_SH_000243.JPG,15,6,Deciduous,SH,4,9/20/19,12/7/19,12/7/19,Herbivore
629,39639293,1,DEERWHITETAILED,15_06_SH_000244.JPG,15_06_SH_000245.JPG,15_06_SH_000246.JPG,15,6,Deciduous,SH,4,9/20/19,12/7/19,12/7/19,Herbivore
630,39639294,1,DEERWHITETAILED,15_06_SH_000247.JPG,15_06_SH_000248.JPG,15_06_SH_000249.JPG,15,6,Deciduous,SH,4,9/20/19,12/7/19,12/7/19,Herbivore
631,39639295,1,DEERWHITETAILED,15_06_SH_000250.JPG,15_06_SH_000251.JPG,15_06_SH_000252.JPG,15,6,Deciduous,SH,4,9/20/19,12/7/19,12/7/19,Herbivore
632,39639296,1,DEERWHITETAILED,15_06_SH_000253.JPG,15_06_SH_000254.JPG,15_06_SH_000255.JPG,15,6,Deciduous,SH,4,9/20/19,12/7/19,12/7/19,Herbivore
633,39639297,1,DEERWHITETAILED,15_06_SH_000256.JPG,15_06_SH_000257.JPG,15_06_SH_000258.JPG,15,6,Deciduous,SH,4,9/20/19,12/7/19,12/7/19,Herbivore
634,39639298,1,DEERWHITETAILED,15_06_SH_000259.JPG,15_06_SH_000260.JPG,15_06_SH_000261.JPG,15,6,Deciduous,SH,4,9/20/19,12/7/19,12/7/19,Herbivore
635,39639299,1,DEERWHITETAILED,15_06_SH_000262.JPG,15_06_SH_000263.JPG,15_06_SH_000264.JPG,15,6,Deciduous,SH,4,9/20/19,12/7/19,12/7/19,Herbivore
636,39639300,1,DEERWHITETAILED,15_06_SH_000265.JPG,15_06_SH_000266.JPG,15_06_SH_000267.JPG,15,6,Deciduous,SH,4,9/20/19,12/7/19,12/7/19,Herbivore
638,39639423,1,DEERWHITETAILED,15_06_SH_000271.JPG,15_06_SH_000272.JPG,15_06_SH_000273.JPG,15,6,Deciduous,SH,4,9/20/19,12/7/19,12/7/19,Herbivore
639,39639424,1,DEERWHITETAILED,15_06_SH_000274.JPG,15_06_SH_000275.JPG,15_06_SH_000276.JPG,15,6,Deciduous,SH,4,9/20/19,12/7/19,12/7/19,Herbivore
640,39639425,1,DEERWHITETAILED,15_06_SH_000277.JPG,15_06_SH_000278.JPG,15_06_SH_000279.JPG,15,6,Deciduous,SH,4,9/20/19,12/7/19,12/7/19,Herbivore
654,39639697,1,DEERWHITETAILED,15_06_SH_000319.JPG,15_06_SH_000320.JPG,15_06_SH_000321.JPG,15,6,Deciduous,SH,4,9/20/19,12/7/19,12/7/19,Herbivore
655,39639719,1,DEERWHITETAILED,15_06_SH_000322.JPG,15_06_SH_000323.JPG,15_06_SH_000324.JPG,15,6,Deciduous,SH,4,9/20/19,12/7/19,12/7/19,Herbivore
656,39639720,1,DEERWHITETAILED,15_06_SH_000325.JPG,15_06_SH_000326.JPG,15_06_SH_000327.JPG,15,6,Deciduous,SH,4,9/20/19,12/7/19,12/7/19,Herbivore
657,39639721,1,DEERWHITETAILED,15_06_SH_000328.JPG,15_06_SH_000329.JPG,15_06_SH_000330.JPG,15,6,Deciduous,SH,4,9/20/19,12/7/19,12/7/19,Herbivore
658,39639722,1,DEERWHITETAILED,15_06_SH_000331.JPG,15_06_SH_000332.JPG,15_06_SH_000333.JPG,15,6,Deciduous,SH,4,9/20/19,12/7/19,12/7/19,Herbivore
659,39639723,2,DEERWHITETAILED,15_06_SH_000334.JPG,15_06_SH_000335.JPG,15_06_SH_000336.JPG,15,6,Deciduous,SH,4,9/20/19,12/7/19,12/7/19,Herbivore
660,39639724,1,DEERWHITETAILED,15_06_SH_000337.JPG,15_06_SH_000338.JPG,15_06_SH_000339.JPG,15,6,Deciduous,SH,4,9/20/19,12/7/19,12/7/19,Herbivore
661,39639725,1,DEERWHITETAILED,15_06_SH_000340.JPG,15_06_SH_000341.JPG,15_06_SH_000342.JPG,15,6,Deciduous,SH,4,9/20/19,12/7/19,12/7/19,Herbivore
662,39639726,1,DEERWHITETAILED,15_06_SH_000343.JPG,15_06_SH_000344.JPG,15_06_SH_000345.JPG,15,6,Deciduous,SH,4,9/20/19,12/7/19,12/7/19,Herbivore
663,39639727,1,DEERWHITETAILED,15_06_SH_000346.JPG,15_06_SH_000347.JPG,15_06_SH_000348.JPG,15,6,Deciduous,SH,4,9/20/19,12/7/19,12/7/19,Herbivore
664,39639728,1,DEERWHITETAILED,15_06_SH_000349.JPG,15_06_SH_000350.JPG,15_06_SH_000351.JPG,15,6,Deciduous,SH,4,9/20/19,12/7/19,12/7/19,Herbivore
665,39639729,1,DEERWHITETAILED,15_06_SH_000352.JPG,15_06_SH_000353.JPG,15_06_SH_000354.JPG,15,6,Deciduous,SH,4,9/20/19,12/7/19,12/7/19,Herbivore
666,39639730,1,DEERWHITETAILED,15_06_SH_000355.JPG,15_06_SH_000356.JPG,15_06_SH_000357.JPG,15,6,Deciduous,SH,4,9/20/19,12/7/19,12/7/19,Herbivore
667,39639731,1,DEERWHITETAILED,15_06_SH_000358.JPG,15_06_SH_000359.JPG,15_06_SH_000360.JPG,15,6,Deciduous,SH,4,9/20/19,12/7/19,12/7/19,Herbivore
668,39639732,1,DEERWHITETAILED,15_06_SH_000361.JPG,15_06_SH_000362.JPG,15_06_SH_000363.JPG,15,6,Deciduous,SH,4,9/20/19,12/7/19,12/7/19,Herbivore
669,39639733,1,DEERWHITETAILED,15_06_SH_000364.JPG,15_06_SH_000365.JPG,15_06_SH_000366.JPG,15,6,Deciduous,SH,4,9/20/19,12/7/19,12/7/19,Herbivore
670,39639734,1,DEERWHITETAILED,15_06_SH_000367.JPG,15_06_SH_000368.JPG,15_06_SH_000369.JPG,15,6,Deciduous,SH,4,9/20/19,12/7/19,12/7/19,Herbivore
671,39639735,1,DEERWHITETAILED,15_06_SH_000370.JPG,15_06_SH_000371.JPG,15_06_SH_000372.JPG,15,6,Deciduous,SH,4,9/20/19,12/7/19,12/7/19,Herbivore
672,39639736,1,DEERWHITETAILED,15_06_SH_000373.JPG,15_06_SH_000374.JPG,15_06_SH_000375.JPG,15,6,Deciduous,SH,4,9/20/19,12/7/19,12/7/19,Herbivore
673,39639737,1,DEERWHITETAILED,15_06_SH_000376.JPG,15_06_SH_000377.JPG,15_06_SH_000378.JPG,15,6,Deciduous,SH,4,9/20/19,12/7/19,12/7/19,Herbivore
674,39639738,1,DEERWHITETAILED,15_06_SH_000379.JPG,15_06_SH_000380.JPG,15_06_SH_000381.JPG,15,6,Deciduous,SH,4,9/20/19,12/7/19,12/7/19,Herbivore
675,39639739,1,DEERWHITETAILED,15_06_SH_000382.JPG,15_06_SH_000384.JPG,15_06_SH_000383.JPG,15,6,Deciduous,SH,4,9/20/19,12/7/19,12/7/19,Herbivore
676,39639740,1,DEERWHITETAILED,15_06_SH_000385.JPG,15_06_SH_000386.JPG,15_06_SH_000387.JPG,15,6,Deciduous,SH,4,9/20/19,12/7/19,12/7/19,Herbivore
677,39639741,1,DEERWHITETAILED,15_06_SH_000389.JPG,15_06_SH_000388.JPG,15_06_SH_000390.JPG,15,6,Deciduous,SH,4,9/20/19,12/7/19,12/7/19,Herbivore
678,39639742,1,DEERWHITETAILED,15_06_SH_000391.JPG,15_06_SH_000392.JPG,15_06_SH_000393.JPG,15,6,Deciduous,SH,4,9/20/19,12/7/19,12/7/19,Herbivore
679,39639743,1,DEERWHITETAILED,15_06_SH_000394.JPG,15_06_SH_000395.JPG,15_06_SH_000396.JPG,15,6,Deciduous,SH,4,9/20/19,12/7/19,12/7/19,Herbivore
680,39639744,1,DEERWHITETAILED,15_06_SH_000397.JPG,15_06_SH_000398.JPG,15_06_SH_000399.JPG,15,6,Deciduous,SH,4,9/20/19,12/7/19,12/7/19,Herbivore
681,39639745,1,DEERWHITETAILED,15_06_SH_000400.JPG,15_06_SH_000401.JPG,15_06_SH_000402.JPG,15,6,Deciduous,SH,4,9/20/19,12/7/19,12/7/19,Herbivore
682,39639746,1,DEERWHITETAILED,15_06_SH_000403.JPG,15_06_SH_000404.JPG,15_06_SH_000405.JPG,15,6,Deciduous,SH,4,9/20/19,12/7/19,12/7/19,Herbivore
683,39639747,1,DEERWHITETAILED,15_06_SH_000407.JPG,15_06_SH_000406.JPG,15_06_SH_000408.JPG,15,6,Deciduous,SH,4,9/20/19,12/7/19,12/7/19,Herbivore
684,39639748,1,DEERWHITETAILED,15_06_SH_000409.JPG,15_06_SH_000411.JPG,15_06_SH_000410.JPG,15,6,Deciduous,SH,4,9/20/19,12/7/19,12/7/19,Herbivore
685,39639749,1,DEERWHITETAILED,15_06_SH_000412.JPG,15_06_SH_000413.JPG,15_06_SH_000414.JPG,15,6,Deciduous,SH,4,9/20/19,12/7/19,12/7/19,Herbivore
686,39639750,1,DEERWHITETAILED,15_06_SH_000415.JPG,15_06_SH_000416.JPG,15_06_SH_000417.JPG,15,6,Deciduous,SH,4,9/20/19,12/7/19,12/7/19,Herbivore
687,39639751,1,DEERWHITETAILED,15_06_SH_000418.JPG,15_06_SH_000419.JPG,15_06_SH_000420.JPG,15,6,Deciduous,SH,4,9/20/19,12/7/19,12/7/19,Herbivore
688,39639752,1,DEERWHITETAILED,15_06_SH_000421.JPG,15_06_SH_000422.JPG,15_06_SH_000423.JPG,15,6,Deciduous,SH,4,9/20/19,12/7/19,12/7/19,Herbivore
689,39639753,1,DEERWHITETAILED,15_06_SH_000424.JPG,15_06_SH_000425.JPG,15_06_SH_000426.JPG,15,6,Deciduous,SH,4,9/20/19,12/7/19,12/7/19,Herbivore
690,39639754,1,DEERWHITETAILED,15_06_SH_000427.JPG,15_06_SH_000428.JPG,15_06_SH_000429.JPG,15,6,Deciduous,SH,4,9/20/19,12/7/19,12/7/19,Herbivore
691,39639755,1,DEERWHITETAILED,15_06_SH_000430.JPG,15_06_SH_000431.JPG,15_06_SH_000432.JPG,15,6,Deciduous,SH,4,9/20/19,12/7/19,12/7/19,Herbivore
692,39639756,1,DEERWHITETAILED,15_06_SH_000433.JPG,15_06_SH_000434.JPG,15_06_SH_000435.JPG,15,6,Deciduous,SH,4,9/20/19,12/7/19,12/7/19,Herbivore
693,39639757,1,DEERWHITETAILED,15_06_SH_000436.JPG,15_06_SH_000437.JPG,15_06_SH_000438.JPG,15,6,Deciduous,SH,4,9/20/19,12/7/19,12/7/19,Herbivore
694,39639758,1,DEERWHITETAILED,15_06_SH_000439.JPG,15_06_SH_000440.JPG,15_06_SH_000441.JPG,15,6,Deciduous,SH,4,9/20/19,12/7/19,12/7/19,Herbivore
695,39639759,1,DEERWHITETAILED,15_06_SH_000442.JPG,15_06_SH_000444.JPG,15_06_SH_000443.JPG,15,6,Deciduous,SH,4,9/20/19,12/7/19,12/7/19,Herbivore
696,39639760,1,DEERWHITETAILED,15_06_SH_000445.JPG,15_06_SH_000447.JPG,15_06_SH_000446.JPG,15,6,Deciduous,SH,4,9/20/19,12/7/19,12/7/19,Herbivore
697,39639761,1,DEERWHITETAILED,15_06_SH_000448.JPG,15_06_SH_000449.JPG,15_06_SH_000450.JPG,15,6,Deciduous,SH,4,9/20/19,12/7/19,12/7/19,Herbivore
698,39639762,1,DEERWHITETAILED,15_06_SH_000452.JPG,15_06_SH_000451.JPG,15_06_SH_000453.JPG,15,6,Deciduous,SH,4,9/20/19,12/7/19,12/7/19,Herbivore
699,39639763,1,DEERWHITETAILED,15_06_SH_000455.JPG,15_06_SH_000454.JPG,15_06_SH_000456.JPG,15,6,Deciduous,SH,4,9/20/19,12/7/19,12/7/19,Herbivore
700,39639764,1,DEERWHITETAILED,15_06_SH_000457.JPG,15_06_SH_000458.JPG,15_06_SH_000459.JPG,15,6,Deciduous,SH,4,9/20/19,12/7/19,12/7/19,Herbivore
701,39639765,1,DEERWHITETAILED,15_06_SH_000460.JPG,15_06_SH_000461.JPG,15_06_SH_000462.JPG,15,6,Deciduous,SH,4,9/20/19,12/7/19,12/7/19,Herbivore
702,39639766,1,DEERWHITETAILED,15_06_SH_000463.JPG,15_06_SH_000464.JPG,15_06_SH_000465.JPG,15,6,Deciduous,SH,4,9/20/19,12/7/19,12/7/19,Herbivore
703,39639767,1,DEERWHITETAILED,15_06_SH_000466.JPG,15_06_SH_000467.JPG,15_06_SH_000468.JPG,15,6,Deciduous,SH,4,9/20/19,12/7/19,12/7/19,Herbivore
704,39639781,1,DEERWHITETAILED,15_06_SH_000469.JPG,15_06_SH_000471.JPG,15_06_SH_000470.JPG,15,6,Deciduous,SH,4,9/20/19,12/7/19,12/7/19,Herbivore
705,39639782,1,DEERWHITETAILED,15_06_SH_000473.JPG,15_06_SH_000472.JPG,15_06_SH_000474.JPG,15,6,Deciduous,SH,4,9/20/19,12/7/19,12/7/19,Herbivore
706,39639783,1,DEERWHITETAILED,15_06_SH_000476.JPG,15_06_SH_000475.JPG,15_06_SH_000477.JPG,15,6,Deciduous,SH,4,9/20/19,12/7/19,12/7/19,Herbivore
707,39639784,1,DEERWHITETAILED,15_06_SH_000479.JPG,15_06_SH_000478.JPG,15_06_SH_000480.JPG,15,6,Deciduous,SH,4,9/20/19,12/7/19,12/7/19,Herbivore
708,39639785,1,DEERWHITETAILED,15_06_SH_000481.JPG,15_06_SH_000482.JPG,15_06_SH_000483.JPG,15,6,Deciduous,SH,4,9/20/19,12/7/19,12/7/19,Herbivore
709,39639786,1,DEERWHITETAILED,15_06_SH_000484.JPG,15_06_SH_000485.JPG,15_06_SH_000486.JPG,15,6,Deciduous,SH,4,9/20/19,12/7/19,12/7/19,Herbivore
710,39639787,1,DEERWHITETAILED,15_06_SH_000488.JPG,15_06_SH_000487.JPG,15_06_SH_000489.JPG,15,6,Deciduous,SH,4,9/20/19,12/7/19,12/7/19,Herbivore
711,39639789,1,DEERWHITETAILED,15_06_SH_000490.JPG,15_06_SH_000492.JPG,15_06_SH_000491.JPG,15,6,Deciduous,SH,4,9/20/19,12/7/19,12/7/19,Herbivore
712,39639790,1,DEERWHITETAILED,15_06_SH_000494.JPG,15_06_SH_000495.JPG,15_06_SH_000493.JPG,15,6,Deciduous,SH,4,9/20/19,12/7/19,12/7/19,Herbivore
713,39639791,1,DEERWHITETAILED,15_06_SH_000496.JPG,15_06_SH_000498.JPG,15_06_SH_000497.JPG,15,6,Deciduous,SH,4,9/20/19,12/7/19,12/7/19,Herbivore
714,39639792,1,DEERWHITETAILED,15_06_SH_000499.JPG,15_06_SH_000500.JPG,15_06_SH_000501.JPG,15,6,Deciduous,SH,4,9/20/19,12/7/19,12/7/19,Herbivore
715,39639793,1,DEERWHITETAILED,15_06_SH_000502.JPG,15_06_SH_000503.JPG,15_06_SH_000504.JPG,15,6,Deciduous,SH,4,9/20/19,12/7/19,12/7/19,Herbivore
716,39639794,1,DEERWHITETAILED,15_06_SH_000505.JPG,15_06_SH_000506.JPG,15_06_SH_000507.JPG,15,6,Deciduous,SH,4,9/20/19,12/7/19,12/7/19,Herbivore
717,39639795,2,DEERWHITETAILED,15_06_SH_000508.JPG,15_06_SH_000509.JPG,15_06_SH_000510.JPG,15,6,Deciduous,SH,4,9/20/19,12/7/19,12/7/19,Herbivore
718,39639796,1,DEERWHITETAILED,15_06_SH_000511.JPG,15_06_SH_000512.JPG,15_06_SH_000513.JPG,15,6,Deciduous,SH,4,9/20/19,12/7/19,12/7/19,Herbivore
719,39639797,1,DEERWHITETAILED,15_06_SH_000514.JPG,15_06_SH_000515.JPG,15_06_SH_000516.JPG,15,6,Deciduous,SH,4,9/20/19,12/7/19,12/7/19,Herbivore
723,39639874,1,DEERWHITETAILED,15_06_SH_000529.JPG,15_06_SH_000530.JPG,15_06_SH_000531.JPG,15,6,Deciduous,SH,4,9/20/19,12/7/19,12/7/19,Herbivore
724,39639880,1,DEERWHITETAILED,15_06_SH_000532.JPG,15_06_SH_000533.JPG,15_06_SH_000534.JPG,15,6,Deciduous,SH,4,9/20/19,12/7/19,12/7/19,Herbivore
725,39639883,1,DEERWHITETAILED,15_06_SH_000535.JPG,15_06_SH_000536.JPG,15_06_SH_000537.JPG,15,6,Deciduous,SH,4,9/20/19,12/7/19,12/7/19,Herbivore
730,39639944,1,DEERWHITETAILED,15_06_SH_000553.JPG,15_06_SH_000554.JPG,15_06_SH_000555.JPG,15,6,Deciduous,SH,4,9/20/19,12/7/19,12/7/19,Herbivore
731,39639945,1,DEERWHITETAILED,15_06_SH_000556.JPG,15_06_SH_000557.JPG,15_06_SH_000558.JPG,15,6,Deciduous,SH,4,9/20/19,12/7/19,12/7/19,Herbivore
732,39639946,1,DEERWHITETAILED,15_06_SH_000559.JPG,15_06_SH_000560.JPG,15_06_SH_000561.JPG,15,6,Deciduous,SH,4,9/20/19,12/7/19,12/7/19,Herbivore
733,39639960,1,DEERWHITETAILED,15_06_SH_000562.JPG,15_06_SH_000563.JPG,15_06_SH_000564.JPG,15,6,Deciduous,SH,4,9/20/19,12/7/19,12/7/19,Herbivore
734,39639961,1,DEERWHITETAILED,15_06_SH_000565.JPG,15_06_SH_000566.JPG,15_06_SH_000567.JPG,15,6,Deciduous,SH,4,9/20/19,12/7/19,12/7/19,Herbivore
735,39639974,1,DEERWHITETAILED,15_06_SH_000569.JPG,15_06_SH_000568.JPG,15_06_SH_000570.JPG,15,6,Deciduous,SH,4,9/20/19,12/7/19,12/7/19,Herbivore
740,39640001,1,DEERWHITETAILED,15_06_SH_000583.JPG,15_06_SH_000585.JPG,15_06_SH_000584.JPG,15,6,Deciduous,SH,4,9/20/19,12/7/19,12/7/19,Herbivore
741,39640003,1,DEERWHITETAILED,15_06_SH_000586.JPG,15_06_SH_000588.JPG,15_06_SH_000587.JPG,15,6,Deciduous,SH,4,9/20/19,12/7/19,12/7/19,Herbivore
759,39640062,1,DEERWHITETAILED,15_06_SH_000640.JPG,15_06_SH_000641.JPG,15_06_SH_000642.JPG,15,6,Deciduous,SH,4,9/20/19,12/7/19,12/7/19,Herbivore
766,31428450,1,DEERWHITETAILED,15_14_DEG_000002.JPG,15_14_DEG_000003.JPG,15_14_DEG_000001.JPG,15,14,Pine,DEG,1,11/26/18,2/7/19,2/7/19,Herbivore
767,31428451,1,DEERWHITETAILED,15_14_DEG_000004.JPG,15_14_DEG_000005.JPG,15_14_DEG_000006.JPG,15,14,Pine,DEG,1,11/26/18,2/7/19,2/7/19,Herbivore
768,31428452,1,DEERWHITETAILED,15_14_DEG_000007.JPG,15_14_DEG_000008.JPG,15_14_DEG_000009.JPG,15,14,Pine,DEG,1,11/26/18,2/7/19,2/7/19,Herbivore
769,31428453,1,DEERWHITETAILED,15_14_DEG_000010.JPG,15_14_DEG_000011.JPG,15_14_DEG_000012.JPG,15,14,Pine,DEG,1,11/26/18,2/7/19,2/7/19,Herbivore
771,31428455,1,DEERWHITETAILED,15_14_DEG_000016.JPG,15_14_DEG_000017.JPG,15_14_DEG_000018.JPG,15,14,Pine,DEG,1,11/26/18,2/7/19,2/7/19,Herbivore
773,31428457,1,DEERWHITETAILED,15_14_DEG_000022.JPG,15_14_DEG_000023.JPG,15_14_DEG_000024.JPG,15,14,Pine,DEG,1,11/26/18,2/7/19,2/7/19,Herbivore
774,31428458,1,DEERWHITETAILED,15_14_DEG_000025.JPG,15_14_DEG_000026.JPG,15_14_DEG_000027.JPG,15,14,Pine,DEG,1,11/26/18,2/7/19,2/7/19,Herbivore
776,31428461,1,DEERWHITETAILED,15_14_DEG_000034.JPG,15_14_DEG_000035.JPG,15_14_DEG_000036.JPG,15,14,Pine,DEG,1,11/26/18,2/7/19,2/7/19,Herbivore
777,31428462,1,DEERWHITETAILED,15_14_DEG_000037.JPG,15_14_DEG_000038.JPG,15_14_DEG_000039.JPG,15,14,Pine,DEG,1,11/26/18,2/7/19,2/7/19,Herbivore
778,31428463,1,DEERWHITETAILED,15_14_DEG_000040.JPG,15_14_DEG_000041.JPG,15_14_DEG_000042.JPG,15,14,Pine,DEG,1,11/26/18,2/7/19,2/7/19,Herbivore
779,31428464,1,DEERWHITETAILED,15_14_DEG_000043.JPG,15_14_DEG_000044.JPG,NA,15,14,Pine,DEG,1,11/26/18,2/7/19,2/7/19,Herbivore
780,31428465,1,DEERWHITETAILED,15_14_DEG_000046.JPG,15_14_DEG_000047.JPG,15_14_DEG_000048.JPG,15,14,Pine,DEG,1,11/26/18,2/7/19,2/7/19,Herbivore
781,31428466,1,DEERWHITETAILED,15_14_DEG_000049.JPG,15_14_DEG_000050.JPG,15_14_DEG_000051.JPG,15,14,Pine,DEG,1,11/26/18,2/7/19,2/7/19,Herbivore
783,31428468,1,DEERWHITETAILED,15_14_DEG_000055.JPG,15_14_DEG_000056.JPG,15_14_DEG_000057.JPG,15,14,Pine,DEG,1,11/26/18,2/7/19,2/7/19,Herbivore
784,31428469,1,DEERWHITETAILED,15_14_DEG_000058.JPG,15_14_DEG_000059.JPG,15_14_DEG_000060.JPG,15,14,Pine,DEG,1,11/26/18,2/7/19,2/7/19,Herbivore
785,31428470,1,DEERWHITETAILED,15_14_DEG_000061.JPG,15_14_DEG_000062.JPG,15_14_DEG_000063.JPG,15,14,Pine,DEG,1,11/26/18,2/7/19,2/7/19,Herbivore
786,31428471,1,DEERWHITETAILED,15_14_DEG_000064.JPG,15_14_DEG_000065.JPG,15_14_DEG_000066.JPG,15,14,Pine,DEG,1,11/26/18,2/7/19,2/7/19,Herbivore
787,31428472,1,DEERWHITETAILED,15_14_DEG_000067.JPG,15_14_DEG_000068.JPG,15_14_DEG_000069.JPG,15,14,Pine,DEG,1,11/26/18,2/7/19,2/7/19,Herbivore
788,31428474,1,DEERWHITETAILED,15_14_DEG_000073.JPG,15_14_DEG_000074.JPG,15_14_DEG_000075.JPG,15,14,Pine,DEG,1,11/26/18,2/7/19,2/7/19,Herbivore
789,31428475,1,DEERWHITETAILED,15_14_DEG_000076.JPG,15_14_DEG_000077.JPG,15_14_DEG_000078.JPG,15,14,Pine,DEG,1,11/26/18,2/7/19,2/7/19,Herbivore
790,31428476,1,DEERWHITETAILED,15_14_DEG_000079.JPG,15_14_DEG_000080.JPG,15_14_DEG_000081.JPG,15,14,Pine,DEG,1,11/26/18,2/7/19,2/7/19,Herbivore
791,31428477,1,DEERWHITETAILED,15_14_DEG_000082.JPG,15_14_DEG_000083.JPG,15_14_DEG_000084.JPG,15,14,Pine,DEG,1,11/26/18,2/7/19,2/7/19,Herbivore
792,31428478,2,DEERWHITETAILED,15_14_DEG_000085.JPG,15_14_DEG_000086.JPG,15_14_DEG_000087.JPG,15,14,Pine,DEG,1,11/26/18,2/7/19,2/7/19,Herbivore
793,31428479,1,DEERWHITETAILED,15_14_DEG_000088.JPG,15_14_DEG_000089.JPG,15_14_DEG_000090.JPG,15,14,Pine,DEG,1,11/26/18,2/7/19,2/7/19,Herbivore
794,31428480,1,DEERWHITETAILED,15_14_DEG_000091.JPG,15_14_DEG_000092.JPG,15_14_DEG_000093.JPG,15,14,Pine,DEG,1,11/26/18,2/7/19,2/7/19,Herbivore
795,31428481,1,DEERWHITETAILED,15_14_DEG_000094.JPG,15_14_DEG_000095.JPG,15_14_DEG_000096.JPG,15,14,Pine,DEG,1,11/26/18,2/7/19,2/7/19,Herbivore
796,31428482,1,DEERWHITETAILED,15_14_DEG_000097.JPG,15_14_DEG_000098.JPG,15_14_DEG_000099.JPG,15,14,Pine,DEG,1,11/26/18,2/7/19,2/7/19,Herbivore
797,31428483,1,DEERWHITETAILED,15_14_DEG_000100.JPG,15_14_DEG_000101.JPG,15_14_DEG_000102.JPG,15,14,Pine,DEG,1,11/26/18,2/7/19,2/7/19,Herbivore
798,31428484,1,DEERWHITETAILED,15_14_DEG_000103.JPG,15_14_DEG_000104.JPG,15_14_DEG_000105.JPG,15,14,Pine,DEG,1,11/26/18,2/7/19,2/7/19,Herbivore
800,31428486,1,DEERWHITETAILED,15_14_DEG_000109.JPG,15_14_DEG_000110.JPG,15_14_DEG_000111.JPG,15,14,Pine,DEG,1,11/26/18,2/7/19,2/7/19,Herbivore
801,31428487,1,DEERWHITETAILED,15_14_DEG_000112.JPG,15_14_DEG_000113.JPG,15_14_DEG_000114.JPG,15,14,Pine,DEG,1,11/26/18,2/7/19,2/7/19,Herbivore
802,31428488,1,DEERWHITETAILED,15_14_DEG_000118.JPG,15_14_DEG_000119.JPG,15_14_DEG_000120.JPG,15,14,Pine,DEG,1,11/26/18,2/7/19,2/7/19,Herbivore
803,31428489,1,DEERWHITETAILED,15_14_DEG_000121.JPG,15_14_DEG_000122.JPG,15_14_DEG_000123.JPG,15,14,Pine,DEG,1,11/26/18,2/7/19,2/7/19,Herbivore
804,31428490,2,DEERWHITETAILED,15_14_DEG_000124.JPG,15_14_DEG_000125.JPG,15_14_DEG_000126.JPG,15,14,Pine,DEG,1,11/26/18,2/7/19,2/7/19,Herbivore
807,31428493,1,DEERWHITETAILED,15_14_DEG_000133.JPG,15_14_DEG_000134.JPG,15_14_DEG_000135.JPG,15,14,Pine,DEG,1,11/26/18,2/7/19,2/7/19,Herbivore
808,31428494,1,DEERWHITETAILED,15_14_DEG_000139.JPG,15_14_DEG_000140.JPG,15_14_DEG_000141.JPG,15,14,Pine,DEG,1,11/26/18,2/7/19,2/7/19,Herbivore
809,31428495,1,DEERWHITETAILED,15_14_DEG_000142.JPG,15_14_DEG_000143.JPG,15_14_DEG_000144.JPG,15,14,Pine,DEG,1,11/26/18,2/7/19,2/7/19,Herbivore
810,31428496,1,DEERWHITETAILED,15_14_DEG_000145.JPG,15_14_DEG_000146.JPG,15_14_DEG_000147.JPG,15,14,Pine,DEG,1,11/26/18,2/7/19,2/7/19,Herbivore
811,31428498,1,DEERWHITETAILED,15_14_DEG_000151.JPG,15_14_DEG_000152.JPG,15_14_DEG_000153.JPG,15,14,Pine,DEG,1,11/26/18,2/7/19,2/7/19,Herbivore
813,31428500,1,DEERWHITETAILED,15_14_DEG_000157.JPG,15_14_DEG_000158.JPG,15_14_DEG_000159.JPG,15,14,Pine,DEG,1,11/26/18,2/7/19,2/7/19,Herbivore
814,31428501,1,DEERWHITETAILED,15_14_DEG_000160.JPG,15_14_DEG_000161.JPG,15_14_DEG_000162.JPG,15,14,Pine,DEG,1,11/26/18,2/7/19,2/7/19,Herbivore
815,31428502,1,DEERWHITETAILED,15_14_DEG_000163.JPG,15_14_DEG_000164.JPG,15_14_DEG_000165.JPG,15,14,Pine,DEG,1,11/26/18,2/7/19,2/7/19,Herbivore
816,31428504,1,DEERWHITETAILED,15_14_DEG_000169.JPG,15_14_DEG_000170.JPG,15_14_DEG_000171.JPG,15,14,Pine,DEG,1,11/26/18,2/7/19,2/7/19,Herbivore
817,31428505,1,DEERWHITETAILED,15_14_DEG_000172.JPG,15_14_DEG_000173.JPG,15_14_DEG_000174.JPG,15,14,Pine,DEG,1,11/26/18,2/7/19,2/7/19,Herbivore
818,31428506,1,DEERWHITETAILED,15_14_DEG_000175.JPG,15_14_DEG_000176.JPG,15_14_DEG_000177.JPG,15,14,Pine,DEG,1,11/26/18,2/7/19,2/7/19,Herbivore
819,31428507,1,DEERWHITETAILED,15_14_DEG_000178.JPG,15_14_DEG_000179.JPG,15_14_DEG_000180.JPG,15,14,Pine,DEG,1,11/26/18,2/7/19,2/7/19,Herbivore
820,31428508,1,DEERWHITETAILED,15_14_DEG_000181.JPG,15_14_DEG_000182.JPG,15_14_DEG_000183.JPG,15,14,Pine,DEG,1,11/26/18,2/7/19,2/7/19,Herbivore
821,31428509,1,DEERWHITETAILED,15_14_DEG_000184.JPG,15_14_DEG_000185.JPG,15_14_DEG_000186.JPG,15,14,Pine,DEG,1,11/26/18,2/7/19,2/7/19,Herbivore
822,31428510,1,DEERWHITETAILED,15_14_DEG_000187.JPG,15_14_DEG_000188.JPG,15_14_DEG_000189.JPG,15,14,Pine,DEG,1,11/26/18,2/7/19,2/7/19,Herbivore
823,31428511,1,DEERWHITETAILED,15_14_DEG_000190.JPG,15_14_DEG_000191.JPG,15_14_DEG_000192.JPG,15,14,Pine,DEG,1,11/26/18,2/7/19,2/7/19,Herbivore
824,31428512,1,DEERWHITETAILED,15_14_DEG_000193.JPG,15_14_DEG_000194.JPG,15_14_DEG_000195.JPG,15,14,Pine,DEG,1,11/26/18,2/7/19,2/7/19,Herbivore
826,31428514,1,DEERWHITETAILED,15_14_DEG_000199.JPG,15_14_DEG_000200.JPG,15_14_DEG_000201.JPG,15,14,Pine,DEG,1,11/26/18,2/7/19,2/7/19,Herbivore
827,31428515,1,DEERWHITETAILED,15_14_DEG_000202.JPG,15_14_DEG_000203.JPG,15_14_DEG_000204.JPG,15,14,Pine,DEG,1,11/26/18,2/7/19,2/7/19,Herbivore
828,31428517,1,DEERWHITETAILED,15_14_DEG_000208.JPG,15_14_DEG_000209.JPG,15_14_DEG_000210.JPG,15,14,Pine,DEG,1,11/26/18,2/7/19,2/7/19,Herbivore
829,31428519,1,DEERWHITETAILED,15_14_DEG_000214.JPG,15_14_DEG_000215.JPG,15_14_DEG_000216.JPG,15,14,Pine,DEG,1,11/26/18,2/7/19,2/7/19,Herbivore
830,31428520,2,DEERWHITETAILED,15_14_DEG_000217.JPG,15_14_DEG_000218.JPG,15_14_DEG_000219.JPG,15,14,Pine,DEG,1,11/26/18,2/7/19,2/7/19,Herbivore
831,31428521,1,DEERWHITETAILED,15_14_DEG_000220.JPG,15_14_DEG_000221.JPG,15_14_DEG_000222.JPG,15,14,Pine,DEG,1,11/26/18,2/7/19,2/7/19,Herbivore
832,31428522,1,DEERWHITETAILED,15_14_DEG_000223.JPG,15_14_DEG_000224.JPG,15_14_DEG_000225.JPG,15,14,Pine,DEG,1,11/26/18,2/7/19,2/7/19,Herbivore
833,31428523,2,DEERWHITETAILED,15_14_DEG_000226.JPG,15_14_DEG_000227.JPG,15_14_DEG_000228.JPG,15,14,Pine,DEG,1,11/26/18,2/7/19,2/7/19,Herbivore
834,31428524,1,DEERWHITETAILED,15_14_DEG_000229.JPG,15_14_DEG_000230.JPG,15_14_DEG_000231.JPG,15,14,Pine,DEG,1,11/26/18,2/7/19,2/7/19,Herbivore
835,31428525,1,DEERWHITETAILED,15_14_DEG_000232.JPG,15_14_DEG_000233.JPG,15_14_DEG_000234.JPG,15,14,Pine,DEG,1,11/26/18,2/7/19,2/7/19,Herbivore
836,31428526,1,DEERWHITETAILED,15_14_DEG_000235.JPG,15_14_DEG_000236.JPG,15_14_DEG_000237.JPG,15,14,Pine,DEG,1,11/26/18,2/7/19,2/7/19,Herbivore
837,31428527,1,DEERWHITETAILED,15_14_DEG_000238.JPG,15_14_DEG_000239.JPG,15_14_DEG_000240.JPG,15,14,Pine,DEG,1,11/26/18,2/7/19,2/7/19,Herbivore
838,31428528,1,DEERWHITETAILED,15_14_DEG_000241.JPG,15_14_DEG_000242.JPG,15_14_DEG_000243.JPG,15,14,Pine,DEG,1,11/26/18,2/7/19,2/7/19,Herbivore
841,37818857,1,DEERWHITETAILED,15_16_WHIP_000007.JPG,15_16_WHIP_000008.JPG,15_16_WHIP_000009.JPG,15,16,Pine,WHIP,3,5/13/19,9/4/19,9/3/19,Herbivore
844,37820167,1,DEERWHITETAILED,15_16_WHIP_000022.JPG,15_16_WHIP_000023.JPG,15_16_WHIP_000024.JPG,15,16,Pine,WHIP,3,5/13/19,9/4/19,9/3/19,Herbivore
845,37820168,1,DEERWHITETAILED,15_16_WHIP_000025.JPG,15_16_WHIP_000026.JPG,NA,15,16,Pine,WHIP,3,5/13/19,9/4/19,9/3/19,Herbivore
846,37820170,1,DEERWHITETAILED,15_16_WHIP_000028.JPG,15_16_WHIP_000029.JPG,15_16_WHIP_000030.JPG,15,16,Pine,WHIP,3,5/13/19,9/4/19,9/3/19,Herbivore
849,37820439,1,DEERWHITETAILED,15_16_WHIP_000043.JPG,15_16_WHIP_000044.JPG,15_16_WHIP_000045.JPG,15,16,Pine,WHIP,3,5/13/19,9/4/19,9/3/19,Herbivore
856,37820723,1,DEERWHITETAILED,15_16_WHIP_000076.JPG,15_16_WHIP_000077.JPG,15_16_WHIP_000078.JPG,15,16,Pine,WHIP,3,5/13/19,9/4/19,9/3/19,Herbivore
880,37821941,1,DEERWHITETAILED,15_16_WHIP_000172.JPG,15_16_WHIP_000173.JPG,15_16_WHIP_000174.JPG,15,16,Pine,WHIP,3,5/13/19,9/4/19,9/3/19,Herbivore
881,37821951,1,DEERWHITETAILED,15_16_WHIP_000175.JPG,15_16_WHIP_000176.JPG,15_16_WHIP_000177.JPG,15,16,Pine,WHIP,3,5/13/19,9/4/19,9/3/19,Herbivore
891,37822178,1,DEERWHITETAILED,15_16_WHIP_000217.JPG,15_16_WHIP_000218.JPG,15_16_WHIP_000219.JPG,15,16,Pine,WHIP,3,5/13/19,9/4/19,9/3/19,Herbivore
896,37822297,1,DEERWHITETAILED,15_16_WHIP_000244.JPG,15_16_WHIP_000245.JPG,15_16_WHIP_000246.JPG,15,16,Pine,WHIP,3,5/13/19,9/4/19,9/3/19,Herbivore
897,37822478,1,DEERWHITETAILED,15_16_WHIP_000250.JPG,15_16_WHIP_000251.JPG,15_16_WHIP_000252.JPG,15,16,Pine,WHIP,3,5/13/19,9/4/19,9/3/19,Herbivore
904,37822762,1,DEERWHITETAILED,15_16_WHIP_000283.JPG,15_16_WHIP_000284.JPG,15_16_WHIP_000285.JPG,15,16,Pine,WHIP,3,5/13/19,9/4/19,9/3/19,Herbivore
906,37823009,1,DEERWHITETAILED,15_16_WHIP_000289.JPG,15_16_WHIP_000290.JPG,15_16_WHIP_000291.JPG,15,16,Pine,WHIP,3,5/13/19,9/4/19,9/3/19,Herbivore
910,37823279,1,DEERWHITETAILED,15_16_WHIP_000301.JPG,15_16_WHIP_000302.JPG,15_16_WHIP_000303.JPG,15,16,Pine,WHIP,3,5/13/19,9/4/19,9/3/19,Herbivore
921,37161902,1,DEERWHITETAILED,15_35_DEG_000001.JPG,15_35_DEG_000002.JPG,15_35_DEG_000003.JPG,15,35,Pine,DEG,2,2/7/19,5/16/19,5/16/19,Herbivore
923,37161904,1,DEERWHITETAILED,15_35_DEG_000007.JPG,15_35_DEG_000008.JPG,15_35_DEG_000009.JPG,15,35,Pine,DEG,2,2/7/19,5/16/19,5/16/19,Herbivore
924,37161905,1,DEERWHITETAILED,15_35_DEG_000010.JPG,15_35_DEG_000011.JPG,15_35_DEG_000012.JPG,15,35,Pine,DEG,2,2/7/19,5/16/19,5/16/19,Herbivore
925,37161906,1,DEERWHITETAILED,15_35_DEG_000016.JPG,15_35_DEG_000017.JPG,15_35_DEG_000018.JPG,15,35,Pine,DEG,2,2/7/19,5/16/19,5/16/19,Herbivore
928,37161909,1,DEERWHITETAILED,15_35_DEG_000025.JPG,15_35_DEG_000026.JPG,15_35_DEG_000027.JPG,15,35,Pine,DEG,2,2/7/19,5/16/19,5/16/19,Herbivore
929,37161910,1,DEERWHITETAILED,15_35_DEG_000028.JPG,15_35_DEG_000029.JPG,15_35_DEG_000030.JPG,15,35,Pine,DEG,2,2/7/19,5/16/19,5/16/19,Herbivore
930,37161911,1,DEERWHITETAILED,15_35_DEG_000031.JPG,15_35_DEG_000032.JPG,15_35_DEG_000033.JPG,15,35,Pine,DEG,2,2/7/19,5/16/19,5/16/19,Herbivore
933,37161914,1,DEERWHITETAILED,17_08_BC_000001.JPG,17_08_BC_000002.JPG,17_08_BC_000003.JPG,17,8,Deciduous,BC,2,3/4/19,5/11/19,5/11/19,Herbivore
935,37161917,1,DEERWHITETAILED,17_08_BC_000010.JPG,17_08_BC_000011.JPG,17_08_BC_000012.JPG,17,8,Deciduous,BC,2,3/4/19,5/11/19,5/11/19,Herbivore
937,37161919,1,DEERWHITETAILED,17_08_BC_000016.JPG,17_08_BC_000017.JPG,17_08_BC_000018.JPG,17,8,Deciduous,BC,2,3/4/19,5/11/19,5/11/19,Herbivore
938,37161920,1,DEERWHITETAILED,17_08_BC_000019.JPG,17_08_BC_000020.JPG,17_08_BC_000021.JPG,17,8,Deciduous,BC,2,3/4/19,5/11/19,5/11/19,Herbivore
939,37161921,1,DEERWHITETAILED,17_08_BC_000022.JPG,17_08_BC_000023.JPG,17_08_BC_000024.JPG,17,8,Deciduous,BC,2,3/4/19,5/11/19,5/11/19,Herbivore
940,37161922,1,DEERWHITETAILED,17_08_BC_000025.JPG,17_08_BC_000026.JPG,17_08_BC_000027.JPG,17,8,Deciduous,BC,2,3/4/19,5/11/19,5/11/19,Herbivore
944,37161933,1,DEERWHITETAILED,17_08_BC_000073.JPG,17_08_BC_000074.JPG,17_08_BC_000075.JPG,17,8,Deciduous,BC,2,3/4/19,5/11/19,5/11/19,Herbivore
947,37161936,1,DEERWHITETAILED,17_08_BC_000082.JPG,17_08_BC_000083.JPG,17_08_BC_000084.JPG,17,8,Deciduous,BC,2,3/4/19,5/11/19,5/11/19,Herbivore
948,37161937,1,DEERWHITETAILED,17_08_BC_000085.JPG,17_08_BC_000086.JPG,17_08_BC_000087.JPG,17,8,Deciduous,BC,2,3/4/19,5/11/19,5/11/19,Herbivore
959,37161969,1,DEERWHITETAILED,17_08_BC_000196.JPG,17_08_BC_000197.JPG,NA,17,8,Deciduous,BC,2,3/4/19,5/11/19,5/11/19,Herbivore
960,37161970,1,DEERWHITETAILED,17_08_BC_000199.JPG,17_08_BC_000200.JPG,17_08_BC_000201.JPG,17,8,Deciduous,BC,2,3/4/19,5/11/19,5/11/19,Herbivore
961,37161971,1,DEERWHITETAILED,17_08_BC_000202.JPG,17_08_BC_000203.JPG,17_08_BC_000204.JPG,17,8,Deciduous,BC,2,3/4/19,5/11/19,5/11/19,Herbivore
962,37161972,1,DEERWHITETAILED,17_08_BC_000205.JPG,17_08_BC_000206.JPG,17_08_BC_000207.JPG,17,8,Deciduous,BC,2,3/4/19,5/11/19,5/11/19,Herbivore
970,31428529,1,DEERWHITETAILED,17_24_BC_000001.JPG,17_24_BC_000002.JPG,17_24_BC_000003.JPG,17,24,Deciduous,BC,1,11/15/18,3/4/19,3/2/19,Herbivore
971,31428530,1,DEERWHITETAILED,17_24_BC_000004.JPG,17_24_BC_000005.JPG,17_24_BC_000006.JPG,17,24,Deciduous,BC,1,11/15/18,3/4/19,3/2/19,Herbivore
972,31428531,1,DEERWHITETAILED,17_24_BC_000007.JPG,17_24_BC_000008.JPG,17_24_BC_000009.JPG,17,24,Deciduous,BC,1,11/15/18,3/4/19,3/2/19,Herbivore
973,31428532,1,DEERWHITETAILED,17_24_BC_000010.JPG,17_24_BC_000011.JPG,17_24_BC_000012.JPG,17,24,Deciduous,BC,1,11/15/18,3/4/19,3/2/19,Herbivore
974,31428533,1,DEERWHITETAILED,17_24_BC_000013.JPG,17_24_BC_000014.JPG,17_24_BC_000015.JPG,17,24,Deciduous,BC,1,11/15/18,3/4/19,3/2/19,Herbivore
975,31428534,1,DEERWHITETAILED,17_24_BC_000016.JPG,17_24_BC_000017.JPG,17_24_BC_000018.JPG,17,24,Deciduous,BC,1,11/15/18,3/4/19,3/2/19,Herbivore
976,31428535,1,DEERWHITETAILED,17_24_BC_000019.JPG,17_24_BC_000020.JPG,17_24_BC_000021.JPG,17,24,Deciduous,BC,1,11/15/18,3/4/19,3/2/19,Herbivore
977,31428537,1,DEERWHITETAILED,17_24_BC_000025.JPG,17_24_BC_000026.JPG,17_24_BC_000027.JPG,17,24,Deciduous,BC,1,11/15/18,3/4/19,3/2/19,Herbivore
982,31428542,1,DEERWHITETAILED,17_24_BC_000040.JPG,17_24_BC_000041.JPG,17_24_BC_000042.JPG,17,24,Deciduous,BC,1,11/15/18,3/4/19,3/2/19,Herbivore
983,31428543,1,DEERWHITETAILED,17_24_BC_000043.JPG,17_24_BC_000044.JPG,17_24_BC_000045.JPG,17,24,Deciduous,BC,1,11/15/18,3/4/19,3/2/19,Herbivore
984,31428544,1,DEERWHITETAILED,17_24_BC_000046.JPG,17_24_BC_000047.JPG,17_24_BC_000048.JPG,17,24,Deciduous,BC,1,11/15/18,3/4/19,3/2/19,Herbivore
991,31428554,1,DEERWHITETAILED,17_24_BC_000076.JPG,17_24_BC_000077.JPG,17_24_BC_000078.JPG,17,24,Deciduous,BC,1,11/15/18,3/4/19,3/2/19,Herbivore
992,31428555,1,DEERWHITETAILED,17_24_BC_000079.JPG,17_24_BC_000080.JPG,17_24_BC_000081.JPG,17,24,Deciduous,BC,1,11/15/18,3/4/19,3/2/19,Herbivore
993,31428556,1,DEERWHITETAILED,17_24_BC_000082.JPG,17_24_BC_000083.JPG,17_24_BC_000084.JPG,17,24,Deciduous,BC,1,11/15/18,3/4/19,3/2/19,Herbivore
994,31428557,1,DEERWHITETAILED,17_24_BC_000085.JPG,17_24_BC_000086.JPG,17_24_BC_000087.JPG,17,24,Deciduous,BC,1,11/15/18,3/4/19,3/2/19,Herbivore
1000,31428563,1,DEERWHITETAILED,17_24_BC_000103.JPG,17_24_BC_000104.JPG,17_24_BC_000105.JPG,17,24,Deciduous,BC,1,11/15/18,3/4/19,3/2/19,Herbivore
1001,31428564,1,DEERWHITETAILED,17_24_BC_000106.JPG,17_24_BC_000107.JPG,17_24_BC_000108.JPG,17,24,Deciduous,BC,1,11/15/18,3/4/19,3/2/19,Herbivore
1002,31428565,1,DEERWHITETAILED,17_24_BC_000109.JPG,17_24_BC_000110.JPG,17_24_BC_000111.JPG,17,24,Deciduous,BC,1,11/15/18,3/4/19,3/2/19,Herbivore
1003,31428566,1,DEERWHITETAILED,17_24_BC_000112.JPG,17_24_BC_000113.JPG,17_24_BC_000114.JPG,17,24,Deciduous,BC,1,11/15/18,3/4/19,3/2/19,Herbivore
1004,31428568,1,DEERWHITETAILED,17_24_BC_000118.JPG,17_24_BC_000119.JPG,17_24_BC_000120.JPG,17,24,Deciduous,BC,1,11/15/18,3/4/19,3/2/19,Herbivore
1005,31428569,1,DEERWHITETAILED,17_24_BC_000121.JPG,17_24_BC_000122.JPG,17_24_BC_000123.JPG,17,24,Deciduous,BC,1,11/15/18,3/4/19,3/2/19,Herbivore
1006,31428570,1,DEERWHITETAILED,17_24_BC_000124.JPG,17_24_BC_000125.JPG,17_24_BC_000126.JPG,17,24,Deciduous,BC,1,11/15/18,3/4/19,3/2/19,Herbivore
1007,31428571,1,DEERWHITETAILED,17_24_BC_000127.JPG,17_24_BC_000128.JPG,17_24_BC_000129.JPG,17,24,Deciduous,BC,1,11/15/18,3/4/19,3/2/19,Herbivore
1008,31428572,2,DEERWHITETAILED,17_24_BC_000130.JPG,17_24_BC_000131.JPG,17_24_BC_000132.JPG,17,24,Deciduous,BC,1,11/15/18,3/4/19,3/2/19,Herbivore
1009,31428573,1,DEERWHITETAILED,17_24_BC_000133.JPG,17_24_BC_000134.JPG,17_24_BC_000135.JPG,17,24,Deciduous,BC,1,11/15/18,3/4/19,3/2/19,Herbivore
1010,31428574,1,DEERWHITETAILED,17_24_BC_000136.JPG,17_24_BC_000137.JPG,17_24_BC_000138.JPG,17,24,Deciduous,BC,1,11/15/18,3/4/19,3/2/19,Herbivore
1011,31428575,1,DEERWHITETAILED,17_24_BC_000139.JPG,17_24_BC_000140.JPG,17_24_BC_000141.JPG,17,24,Deciduous,BC,1,11/15/18,3/4/19,3/2/19,Herbivore
1012,31428576,1,DEERWHITETAILED,17_24_BC_000142.JPG,17_24_BC_000143.JPG,17_24_BC_000144.JPG,17,24,Deciduous,BC,1,11/15/18,3/4/19,3/2/19,Herbivore
1013,31428577,1,DEERWHITETAILED,17_24_BC_000145.JPG,17_24_BC_000146.JPG,17_24_BC_000147.JPG,17,24,Deciduous,BC,1,11/15/18,3/4/19,3/2/19,Herbivore
1015,31428581,1,DEERWHITETAILED,17_24_BC_000157.JPG,17_24_BC_000158.JPG,17_24_BC_000159.JPG,17,24,Deciduous,BC,1,11/15/18,3/4/19,3/2/19,Herbivore
1018,31428585,1,DEERWHITETAILED,17_24_BC_000169.JPG,17_24_BC_000170.JPG,17_24_BC_000171.JPG,17,24,Deciduous,BC,1,11/15/18,3/4/19,3/2/19,Herbivore
1019,31428586,2,DEERWHITETAILED,17_24_BC_000172.JPG,17_24_BC_000173.JPG,17_24_BC_000174.JPG,17,24,Deciduous,BC,1,11/15/18,3/4/19,3/2/19,Herbivore
1020,31428587,1,DEERWHITETAILED,17_24_BC_000175.JPG,17_24_BC_000176.JPG,17_24_BC_000177.JPG,17,24,Deciduous,BC,1,11/15/18,3/4/19,3/2/19,Herbivore
1021,31428588,1,DEERWHITETAILED,17_24_BC_000178.JPG,17_24_BC_000179.JPG,17_24_BC_000180.JPG,17,24,Deciduous,BC,1,11/15/18,3/4/19,3/2/19,Herbivore
1022,31428589,1,DEERWHITETAILED,17_24_BC_000181.JPG,17_24_BC_000182.JPG,17_24_BC_000183.JPG,17,24,Deciduous,BC,1,11/15/18,3/4/19,3/2/19,Herbivore
1023,31428590,1,DEERWHITETAILED,17_24_BC_000184.JPG,17_24_BC_000185.JPG,17_24_BC_000186.JPG,17,24,Deciduous,BC,1,11/15/18,3/4/19,3/2/19,Herbivore
1024,31428591,1,DEERWHITETAILED,17_24_BC_000187.JPG,17_24_BC_000188.JPG,17_24_BC_000189.JPG,17,24,Deciduous,BC,1,11/15/18,3/4/19,3/2/19,Herbivore
1025,31428593,1,DEERWHITETAILED,17_24_BC_000193.JPG,17_24_BC_000194.JPG,17_24_BC_000195.JPG,17,24,Deciduous,BC,1,11/15/18,3/4/19,3/2/19,Herbivore
1030,31428601,2,DEERWHITETAILED,17_24_BC_000217.JPG,17_24_BC_000218.JPG,17_24_BC_000219.JPG,17,24,Deciduous,BC,1,11/15/18,3/4/19,3/2/19,Herbivore
1031,31428602,1,DEERWHITETAILED,17_24_BC_000220.JPG,17_24_BC_000221.JPG,17_24_BC_000222.JPG,17,24,Deciduous,BC,1,11/15/18,3/4/19,3/2/19,Herbivore
1033,31428604,1,DEERWHITETAILED,17_24_BC_000226.JPG,17_24_BC_000227.JPG,17_24_BC_000228.JPG,17,24,Deciduous,BC,1,11/15/18,3/4/19,3/2/19,Herbivore
1035,31428607,1,DEERWHITETAILED,17_24_BC_000235.JPG,17_24_BC_000236.JPG,17_24_BC_000237.JPG,17,24,Deciduous,BC,1,11/15/18,3/4/19,3/2/19,Herbivore
1036,31428608,1,DEERWHITETAILED,17_24_BC_000238.JPG,17_24_BC_000239.JPG,17_24_BC_000240.JPG,17,24,Deciduous,BC,1,11/15/18,3/4/19,3/2/19,Herbivore
1037,31428609,1,DEERWHITETAILED,17_24_BC_000241.JPG,17_24_BC_000242.JPG,17_24_BC_000243.JPG,17,24,Deciduous,BC,1,11/15/18,3/4/19,3/2/19,Herbivore
1038,31428610,1,DEERWHITETAILED,17_24_BC_000244.JPG,17_24_BC_000245.JPG,17_24_BC_000246.JPG,17,24,Deciduous,BC,1,11/15/18,3/4/19,3/2/19,Herbivore
1050,39638695,1,DEERWHITETAILED,17_26_WHIP_000013.JPG,17_26_WHIP_000014.JPG,17_26_WHIP_000015.JPG,17,26,Pine,WHIP,4,9/27/19,11/15/19,11/15/19,Herbivore
1079,39639856,1,DEERWHITETAILED,17_26_WHIP_000118.JPG,17_26_WHIP_000119.JPG,17_26_WHIP_000120.JPG,17,26,Pine,WHIP,4,9/27/19,11/15/19,11/15/19,Herbivore
1080,39639857,1,DEERWHITETAILED,17_26_WHIP_000121.JPG,17_26_WHIP_000122.JPG,17_26_WHIP_000123.JPG,17,26,Pine,WHIP,4,9/27/19,11/15/19,11/15/19,Herbivore
1081,39639863,1,DEERWHITETAILED,17_26_WHIP_000127.JPG,17_26_WHIP_000129.JPG,17_26_WHIP_000128.JPG,17,26,Pine,WHIP,4,9/27/19,11/15/19,11/15/19,Herbivore
1082,39639864,1,DEERWHITETAILED,17_26_WHIP_000130.JPG,17_26_WHIP_000131.JPG,NA,17,26,Pine,WHIP,4,9/27/19,11/15/19,11/15/19,Herbivore
1083,39639872,1,DEERWHITETAILED,17_26_WHIP_000133.JPG,17_26_WHIP_000134.JPG,17_26_WHIP_000135.JPG,17,26,Pine,WHIP,4,9/27/19,11/15/19,11/15/19,Herbivore
1084,39639873,1,DEERWHITETAILED,17_26_WHIP_000136.JPG,17_26_WHIP_000137.JPG,17_26_WHIP_000138.JPG,17,26,Pine,WHIP,4,9/27/19,11/15/19,11/15/19,Herbivore
1096,31428625,1,DEERWHITETAILED,18_16_WHIP_000016.JPG,18_16_WHIP_000017.JPG,18_16_WHIP_000018.JPG,18,16,Pine,WHIP,1,12/18/18,1/24/19,1/24/19,Herbivore
1097,31428626,1,DEERWHITETAILED,18_16_WHIP_000019.JPG,18_16_WHIP_000020.JPG,18_16_WHIP_000021.JPG,18,16,Pine,WHIP,1,12/18/18,1/24/19,1/24/19,Herbivore
1098,31428627,1,DEERWHITETAILED,18_16_WHIP_000022.JPG,18_16_WHIP_000023.JPG,18_16_WHIP_000024.JPG,18,16,Pine,WHIP,1,12/18/18,1/24/19,1/24/19,Herbivore
1099,31428628,1,DEERWHITETAILED,18_16_WHIP_000025.JPG,18_16_WHIP_000026.JPG,18_16_WHIP_000027.JPG,18,16,Pine,WHIP,1,12/18/18,1/24/19,1/24/19,Herbivore
1100,31428629,1,DEERWHITETAILED,18_16_WHIP_000028.JPG,18_16_WHIP_000029.JPG,18_16_WHIP_000030.JPG,18,16,Pine,WHIP,1,12/18/18,1/24/19,1/24/19,Herbivore
1101,31428630,1,DEERWHITETAILED,18_16_WHIP_000031.JPG,18_16_WHIP_000032.JPG,18_16_WHIP_000033.JPG,18,16,Pine,WHIP,1,12/18/18,1/24/19,1/24/19,Herbivore
1102,31428631,1,DEERWHITETAILED,18_16_WHIP_000034.JPG,18_16_WHIP_000035.JPG,18_16_WHIP_000036.JPG,18,16,Pine,WHIP,1,12/18/18,1/24/19,1/24/19,Herbivore
1103,31428632,1,DEERWHITETAILED,18_16_WHIP_000037.JPG,18_16_WHIP_000038.JPG,18_16_WHIP_000039.JPG,18,16,Pine,WHIP,1,12/18/18,1/24/19,1/24/19,Herbivore
1106,31428635,1,DEERWHITETAILED,18_16_WHIP_000046.JPG,18_16_WHIP_000047.JPG,18_16_WHIP_000048.JPG,18,16,Pine,WHIP,1,12/18/18,1/24/19,1/24/19,Herbivore
1107,31428636,1,DEERWHITETAILED,18_16_WHIP_000049.JPG,18_16_WHIP_000050.JPG,18_16_WHIP_000051.JPG,18,16,Pine,WHIP,1,12/18/18,1/24/19,1/24/19,Herbivore
1108,31428637,2,DEERWHITETAILED,18_16_WHIP_000052.JPG,18_16_WHIP_000053.JPG,18_16_WHIP_000054.JPG,18,16,Pine,WHIP,1,12/18/18,1/24/19,1/24/19,Herbivore
1110,31428639,1,DEERWHITETAILED,18_16_WHIP_000058.JPG,18_16_WHIP_000059.JPG,18_16_WHIP_000060.JPG,18,16,Pine,WHIP,1,12/18/18,1/24/19,1/24/19,Herbivore
1111,31428640,1,DEERWHITETAILED,18_16_WHIP_000061.JPG,18_16_WHIP_000062.JPG,18_16_WHIP_000063.JPG,18,16,Pine,WHIP,1,12/18/18,1/24/19,1/24/19,Herbivore
1112,37161993,1,DEERWHITETAILED,18_40_WHIP_000001.JPG,18_40_WHIP_000002.JPG,18_40_WHIP_000003.JPG,18,40,Pine,WHIP,2,1/24/19,5/13/19,4/22/19,Herbivore
1113,37161994,1,DEERWHITETAILED,18_40_WHIP_000004.JPG,18_40_WHIP_000005.JPG,18_40_WHIP_000006.JPG,18,40,Pine,WHIP,2,1/24/19,5/13/19,4/22/19,Herbivore
1114,37161995,1,DEERWHITETAILED,18_40_WHIP_000007.JPG,18_40_WHIP_000008.JPG,18_40_WHIP_000009.JPG,18,40,Pine,WHIP,2,1/24/19,5/13/19,4/22/19,Herbivore
1115,37161996,1,DEERWHITETAILED,18_40_WHIP_000010.JPG,18_40_WHIP_000011.JPG,18_40_WHIP_000012.JPG,18,40,Pine,WHIP,2,1/24/19,5/13/19,4/22/19,Herbivore
1116,37161997,1,DEERWHITETAILED,18_40_WHIP_000013.JPG,18_40_WHIP_000014.JPG,18_40_WHIP_000015.JPG,18,40,Pine,WHIP,2,1/24/19,5/13/19,4/22/19,Herbivore
1117,37161998,1,DEERWHITETAILED,18_40_WHIP_000016.JPG,18_40_WHIP_000017.JPG,18_40_WHIP_000018.JPG,18,40,Pine,WHIP,2,1/24/19,5/13/19,4/22/19,Herbivore
1118,37161999,1,DEERWHITETAILED,18_40_WHIP_000019.JPG,18_40_WHIP_000020.JPG,18_40_WHIP_000021.JPG,18,40,Pine,WHIP,2,1/24/19,5/13/19,4/22/19,Herbivore
1119,37162000,1,DEERWHITETAILED,18_40_WHIP_000022.JPG,18_40_WHIP_000023.JPG,18_40_WHIP_000024.JPG,18,40,Pine,WHIP,2,1/24/19,5/13/19,4/22/19,Herbivore
1120,37162001,1,DEERWHITETAILED,18_40_WHIP_000025.JPG,18_40_WHIP_000026.JPG,18_40_WHIP_000027.JPG,18,40,Pine,WHIP,2,1/24/19,5/13/19,4/22/19,Herbivore
1121,37162003,1,DEERWHITETAILED,18_40_WHIP_000031.JPG,18_40_WHIP_000032.JPG,18_40_WHIP_000033.JPG,18,40,Pine,WHIP,2,1/24/19,5/13/19,4/22/19,Herbivore
1122,37162004,1,DEERWHITETAILED,18_40_WHIP_000034.JPG,18_40_WHIP_000035.JPG,18_40_WHIP_000036.JPG,18,40,Pine,WHIP,2,1/24/19,5/13/19,4/22/19,Herbivore
1123,37162005,1,DEERWHITETAILED,18_40_WHIP_000037.JPG,18_40_WHIP_000038.JPG,18_40_WHIP_000039.JPG,18,40,Pine,WHIP,2,1/24/19,5/13/19,4/22/19,Herbivore
1124,37162006,1,DEERWHITETAILED,18_40_WHIP_000040.JPG,18_40_WHIP_000041.JPG,18_40_WHIP_000042.JPG,18,40,Pine,WHIP,2,1/24/19,5/13/19,4/22/19,Herbivore
1125,37162007,1,DEERWHITETAILED,18_40_WHIP_000043.JPG,18_40_WHIP_000044.JPG,18_40_WHIP_000045.JPG,18,40,Pine,WHIP,2,1/24/19,5/13/19,4/22/19,Herbivore
1126,37162008,1,DEERWHITETAILED,18_40_WHIP_000046.JPG,18_40_WHIP_000047.JPG,18_40_WHIP_000048.JPG,18,40,Pine,WHIP,2,1/24/19,5/13/19,4/22/19,Herbivore
1127,37162009,1,DEERWHITETAILED,18_40_WHIP_000049.JPG,18_40_WHIP_000050.JPG,18_40_WHIP_000051.JPG,18,40,Pine,WHIP,2,1/24/19,5/13/19,4/22/19,Herbivore
1128,37162010,1,DEERWHITETAILED,18_40_WHIP_000052.JPG,18_40_WHIP_000053.JPG,18_40_WHIP_000054.JPG,18,40,Pine,WHIP,2,1/24/19,5/13/19,4/22/19,Herbivore
1129,37162012,1,DEERWHITETAILED,18_40_WHIP_000058.JPG,18_40_WHIP_000059.JPG,18_40_WHIP_000060.JPG,18,40,Pine,WHIP,2,1/24/19,5/13/19,4/22/19,Herbivore
1130,37162013,1,DEERWHITETAILED,18_40_WHIP_000061.JPG,18_40_WHIP_000062.JPG,18_40_WHIP_000063.JPG,18,40,Pine,WHIP,2,1/24/19,5/13/19,4/22/19,Herbivore
1131,37162014,1,DEERWHITETAILED,18_40_WHIP_000064.JPG,18_40_WHIP_000065.JPG,18_40_WHIP_000066.JPG,18,40,Pine,WHIP,2,1/24/19,5/13/19,4/22/19,Herbivore
1132,37162015,1,DEERWHITETAILED,18_40_WHIP_000067.JPG,18_40_WHIP_000068.JPG,18_40_WHIP_000069.JPG,18,40,Pine,WHIP,2,1/24/19,5/13/19,4/22/19,Herbivore
1133,37162016,1,DEERWHITETAILED,18_40_WHIP_000070.JPG,18_40_WHIP_000071.JPG,18_40_WHIP_000072.JPG,18,40,Pine,WHIP,2,1/24/19,5/13/19,4/22/19,Herbivore
1134,37162017,1,DEERWHITETAILED,18_40_WHIP_000073.JPG,18_40_WHIP_000074.JPG,18_40_WHIP_000075.JPG,18,40,Pine,WHIP,2,1/24/19,5/13/19,4/22/19,Herbivore
1135,37162018,1,DEERWHITETAILED,18_40_WHIP_000076.JPG,18_40_WHIP_000077.JPG,18_40_WHIP_000078.JPG,18,40,Pine,WHIP,2,1/24/19,5/13/19,4/22/19,Herbivore
1136,37162019,1,DEERWHITETAILED,18_40_WHIP_000079.JPG,18_40_WHIP_000080.JPG,18_40_WHIP_000081.JPG,18,40,Pine,WHIP,2,1/24/19,5/13/19,4/22/19,Herbivore
1138,37162023,1,DEERWHITETAILED,18_40_WHIP_000103.JPG,18_40_WHIP_000104.JPG,18_40_WHIP_000105.JPG,18,40,Pine,WHIP,2,1/24/19,5/13/19,4/22/19,Herbivore
1139,37162024,1,DEERWHITETAILED,18_40_WHIP_000106.JPG,18_40_WHIP_000107.JPG,NA,18,40,Pine,WHIP,2,1/24/19,5/13/19,4/22/19,Herbivore
1140,37162025,1,DEERWHITETAILED,18_40_WHIP_000109.JPG,18_40_WHIP_000110.JPG,18_40_WHIP_000111.JPG,18,40,Pine,WHIP,2,1/24/19,5/13/19,4/22/19,Herbivore
1141,37162026,1,DEERWHITETAILED,18_40_WHIP_000112.JPG,18_40_WHIP_000113.JPG,18_40_WHIP_000114.JPG,18,40,Pine,WHIP,2,1/24/19,5/13/19,4/22/19,Herbivore
1142,37162027,1,DEERWHITETAILED,18_40_WHIP_000115.JPG,18_40_WHIP_000116.JPG,18_40_WHIP_000117.JPG,18,40,Pine,WHIP,2,1/24/19,5/13/19,4/22/19,Herbivore
1143,37162028,1,DEERWHITETAILED,18_40_WHIP_000118.JPG,18_40_WHIP_000119.JPG,18_40_WHIP_000120.JPG,18,40,Pine,WHIP,2,1/24/19,5/13/19,4/22/19,Herbivore
1144,37162030,1,DEERWHITETAILED,18_40_WHIP_000124.JPG,18_40_WHIP_000125.JPG,18_40_WHIP_000126.JPG,18,40,Pine,WHIP,2,1/24/19,5/13/19,4/22/19,Herbivore
1145,37162031,1,DEERWHITETAILED,18_40_WHIP_000127.JPG,18_40_WHIP_000128.JPG,18_40_WHIP_000129.JPG,18,40,Pine,WHIP,2,1/24/19,5/13/19,4/22/19,Herbivore
1152,37162041,1,DEERWHITETAILED,18_40_WHIP_000157.JPG,18_40_WHIP_000158.JPG,18_40_WHIP_000159.JPG,18,40,Pine,WHIP,2,1/24/19,5/13/19,4/22/19,Herbivore
1154,37162043,1,DEERWHITETAILED,18_40_WHIP_000163.JPG,18_40_WHIP_000164.JPG,18_40_WHIP_000165.JPG,18,40,Pine,WHIP,2,1/24/19,5/13/19,4/22/19,Herbivore
1155,37162044,1,DEERWHITETAILED,18_40_WHIP_000166.JPG,18_40_WHIP_000167.JPG,18_40_WHIP_000168.JPG,18,40,Pine,WHIP,2,1/24/19,5/13/19,4/22/19,Herbivore
1156,37162045,1,DEERWHITETAILED,18_40_WHIP_000169.JPG,18_40_WHIP_000170.JPG,18_40_WHIP_000171.JPG,18,40,Pine,WHIP,2,1/24/19,5/13/19,4/22/19,Herbivore
1157,37162046,1,DEERWHITETAILED,18_40_WHIP_000172.JPG,18_40_WHIP_000173.JPG,18_40_WHIP_000174.JPG,18,40,Pine,WHIP,2,1/24/19,5/13/19,4/22/19,Herbivore
1158,37162047,1,DEERWHITETAILED,18_40_WHIP_000175.JPG,18_40_WHIP_000176.JPG,18_40_WHIP_000177.JPG,18,40,Pine,WHIP,2,1/24/19,5/13/19,4/22/19,Herbivore
1159,37162048,1,DEERWHITETAILED,18_40_WHIP_000178.JPG,18_40_WHIP_000179.JPG,18_40_WHIP_000180.JPG,18,40,Pine,WHIP,2,1/24/19,5/13/19,4/22/19,Herbivore
1160,37162049,1,DEERWHITETAILED,18_40_WHIP_000181.JPG,18_40_WHIP_000182.JPG,18_40_WHIP_000183.JPG,18,40,Pine,WHIP,2,1/24/19,5/13/19,4/22/19,Herbivore
1163,37162055,1,DEERWHITETAILED,18_40_WHIP_000199.JPG,18_40_WHIP_000200.JPG,18_40_WHIP_000201.JPG,18,40,Pine,WHIP,2,1/24/19,5/13/19,4/22/19,Herbivore
1176,37162070,1,DEERWHITETAILED,21_01_DON_0016.JPG,21_01_DON_0017.JPG,21_01_DON_0018.JPG,21,1,Deciduous,DON,2,2/28/19,5/16/19,4/20/19,Herbivore
1177,37162071,1,DEERWHITETAILED,21_01_DON_0019.JPG,21_01_DON_0020.JPG,21_01_DON_0021.JPG,21,1,Deciduous,DON,2,2/28/19,5/16/19,4/20/19,Herbivore
1178,37162072,1,DEERWHITETAILED,21_01_DON_0022.JPG,21_01_DON_0023.JPG,21_01_DON_0024.JPG,21,1,Deciduous,DON,2,2/28/19,5/16/19,4/20/19,Herbivore
1179,37162073,1,DEERWHITETAILED,21_01_DON_0025.JPG,21_01_DON_0026.JPG,21_01_DON_0027.JPG,21,1,Deciduous,DON,2,2/28/19,5/16/19,4/20/19,Herbivore
1180,37162074,1,DEERWHITETAILED,21_01_DON_0028.JPG,21_01_DON_0029.JPG,21_01_DON_0030.JPG,21,1,Deciduous,DON,2,2/28/19,5/16/19,4/20/19,Herbivore
1181,37162075,1,DEERWHITETAILED,21_01_DON_0031.JPG,21_01_DON_0032.JPG,21_01_DON_0033.JPG,21,1,Deciduous,DON,2,2/28/19,5/16/19,4/20/19,Herbivore
1182,37162076,1,DEERWHITETAILED,21_01_DON_0034.JPG,21_01_DON_0035.JPG,21_01_DON_0036.JPG,21,1,Deciduous,DON,2,2/28/19,5/16/19,4/20/19,Herbivore
1183,37162125,1,DEERWHITETAILED,21_01_DON_0211.JPG,21_01_DON_0212.JPG,21_01_DON_0213.JPG,21,1,Deciduous,DON,2,2/28/19,5/16/19,4/20/19,Herbivore
1192,41008451,1,DEERWHITETAILED,21_40_DON_0001.JPG,21_40_DON_0002.JPG,21_40_DON_0003.JPG,21,40,Deciduous,DON,4,9/17/19,11/15/19,9/28/19,Herbivore
1201,41008464,1,DEERWHITETAILED,21_40_DON_0028.JPG,21_40_DON_0029.JPG,21_40_DON_0030.JPG,21,40,Deciduous,DON,4,9/17/19,11/15/19,9/28/19,Herbivore
1216,31428710,1,DEERWHITETAILED,22_18_WF_0022.JPG,22_18_WF_0023.JPG,22_18_WF_0024.JPG,22,18,Pine,WF,1,11/17/18,1/31/19,1/28/19,Herbivore
1217,31428711,1,DEERWHITETAILED,22_18_WF_0025.JPG,22_18_WF_0026.JPG,22_18_WF_0027.JPG,22,18,Pine,WF,1,11/17/18,1/31/19,1/28/19,Herbivore
1218,31428712,1,DEERWHITETAILED,22_18_WF_0028.JPG,22_18_WF_0029.JPG,22_18_WF_0030.JPG,22,18,Pine,WF,1,11/17/18,1/31/19,1/28/19,Herbivore
1219,31428713,1,DEERWHITETAILED,22_18_WF_0031.JPG,22_18_WF_0032.JPG,NA,22,18,Pine,WF,1,11/17/18,1/31/19,1/28/19,Herbivore
1221,31428715,1,DEERWHITETAILED,22_18_WF_0040.JPG,22_18_WF_0041.JPG,22_18_WF_0042.JPG,22,18,Pine,WF,1,11/17/18,1/31/19,1/28/19,Herbivore
1222,31428716,1,DEERWHITETAILED,22_18_WF_0043.JPG,22_18_WF_0044.JPG,22_18_WF_0045.JPG,22,18,Pine,WF,1,11/17/18,1/31/19,1/28/19,Herbivore
1223,31428717,1,DEERWHITETAILED,22_18_WF_0046.JPG,22_18_WF_0047.JPG,22_18_WF_0048.JPG,22,18,Pine,WF,1,11/17/18,1/31/19,1/28/19,Herbivore
1224,31428718,1,DEERWHITETAILED,22_18_WF_0049.JPG,22_18_WF_0050.JPG,22_18_WF_0051.JPG,22,18,Pine,WF,1,11/17/18,1/31/19,1/28/19,Herbivore
1226,31428720,1,DEERWHITETAILED,22_18_WF_0055.JPG,22_18_WF_0056.JPG,22_18_WF_0057.JPG,22,18,Pine,WF,1,11/17/18,1/31/19,1/28/19,Herbivore
1227,31428721,1,DEERWHITETAILED,22_18_WF_0058.JPG,22_18_WF_0059.JPG,22_18_WF_0060.JPG,22,18,Pine,WF,1,11/17/18,1/31/19,1/28/19,Herbivore
1228,31428722,1,DEERWHITETAILED,22_18_WF_0061.JPG,22_18_WF_0062.JPG,22_18_WF_0063.JPG,22,18,Pine,WF,1,11/17/18,1/31/19,1/28/19,Herbivore
1230,31428724,1,DEERWHITETAILED,22_18_WF_0067.JPG,22_18_WF_0068.JPG,22_18_WF_0069.JPG,22,18,Pine,WF,1,11/17/18,1/31/19,1/28/19,Herbivore
1231,31428725,1,DEERWHITETAILED,22_18_WF_0070.JPG,22_18_WF_0071.JPG,22_18_WF_0072.JPG,22,18,Pine,WF,1,11/17/18,1/31/19,1/28/19,Herbivore
1234,31428728,1,DEERWHITETAILED,22_18_WF_0079.JPG,22_18_WF_0080.JPG,22_18_WF_0081.JPG,22,18,Pine,WF,1,11/17/18,1/31/19,1/28/19,Herbivore
1237,31428731,1,DEERWHITETAILED,22_18_WF_0088.JPG,22_18_WF_0089.JPG,22_18_WF_0090.JPG,22,18,Pine,WF,1,11/17/18,1/31/19,1/28/19,Herbivore
1238,31428732,1,DEERWHITETAILED,22_18_WF_0091.JPG,22_18_WF_0092.JPG,22_18_WF_0093.JPG,22,18,Pine,WF,1,11/17/18,1/31/19,1/28/19,Herbivore
1239,31428733,1,DEERWHITETAILED,22_18_WF_0094.JPG,22_18_WF_0095.JPG,22_18_WF_0096.JPG,22,18,Pine,WF,1,11/17/18,1/31/19,1/28/19,Herbivore
1240,31428734,2,DEERWHITETAILED,22_18_WF_0097.JPG,22_18_WF_0098.JPG,22_18_WF_0099.JPG,22,18,Pine,WF,1,11/17/18,1/31/19,1/28/19,Herbivore
1241,31428735,2,DEERWHITETAILED,22_18_WF_0100.JPG,22_18_WF_0101.JPG,22_18_WF_0102.JPG,22,18,Pine,WF,1,11/17/18,1/31/19,1/28/19,Herbivore
1242,31428736,1,DEERWHITETAILED,22_18_WF_0103.JPG,22_18_WF_0104.JPG,22_18_WF_0105.JPG,22,18,Pine,WF,1,11/17/18,1/31/19,1/28/19,Herbivore
1243,31428738,1,DEERWHITETAILED,22_18_WF_0109.JPG,22_18_WF_0110.JPG,22_18_WF_0111.JPG,22,18,Pine,WF,1,11/17/18,1/31/19,1/28/19,Herbivore
1246,31428741,1,DEERWHITETAILED,22_18_WF_0118.JPG,22_18_WF_0119.JPG,22_18_WF_0120.JPG,22,18,Pine,WF,1,11/17/18,1/31/19,1/28/19,Herbivore
1247,31428742,1,DEERWHITETAILED,22_18_WF_0121.JPG,22_18_WF_0122.JPG,22_18_WF_0123.JPG,22,18,Pine,WF,1,11/17/18,1/31/19,1/28/19,Herbivore
1249,31428744,1,DEERWHITETAILED,22_18_WF_0127.JPG,22_18_WF_0128.JPG,22_18_WF_0129.JPG,22,18,Pine,WF,1,11/17/18,1/31/19,1/28/19,Herbivore
1250,31428745,1,DEERWHITETAILED,22_18_WF_0130.JPG,22_18_WF_0131.JPG,22_18_WF_0132.JPG,22,18,Pine,WF,1,11/17/18,1/31/19,1/28/19,Herbivore
1251,31428747,2,DEERWHITETAILED,22_18_WF_0136.JPG,22_18_WF_0137.JPG,22_18_WF_0138.JPG,22,18,Pine,WF,1,11/17/18,1/31/19,1/28/19,Herbivore
1252,31428748,1,DEERWHITETAILED,22_18_WF_0139.JPG,22_18_WF_0140.JPG,22_18_WF_0141.JPG,22,18,Pine,WF,1,11/17/18,1/31/19,1/28/19,Herbivore
1253,31428750,1,DEERWHITETAILED,22_18_WF_0145.JPG,22_18_WF_0146.JPG,22_18_WF_0147.JPG,22,18,Pine,WF,1,11/17/18,1/31/19,1/28/19,Herbivore
1254,31428751,1,DEERWHITETAILED,22_18_WF_0148.JPG,22_18_WF_0149.JPG,22_18_WF_0150.JPG,22,18,Pine,WF,1,11/17/18,1/31/19,1/28/19,Herbivore
1255,31428752,1,DEERWHITETAILED,22_18_WF_0151.JPG,22_18_WF_0152.JPG,22_18_WF_0153.JPG,22,18,Pine,WF,1,11/17/18,1/31/19,1/28/19,Herbivore
1256,31428753,1,DEERWHITETAILED,22_18_WF_0154.JPG,22_18_WF_0155.JPG,22_18_WF_0156.JPG,22,18,Pine,WF,1,11/17/18,1/31/19,1/28/19,Herbivore
1257,31428754,1,DEERWHITETAILED,22_18_WF_0157.JPG,22_18_WF_0158.JPG,22_18_WF_0159.JPG,22,18,Pine,WF,1,11/17/18,1/31/19,1/28/19,Herbivore
1258,31428755,1,DEERWHITETAILED,22_18_WF_0160.JPG,22_18_WF_0161.JPG,22_18_WF_0162.JPG,22,18,Pine,WF,1,11/17/18,1/31/19,1/28/19,Herbivore
1259,31428756,1,DEERWHITETAILED,22_18_WF_0163.JPG,22_18_WF_0164.JPG,22_18_WF_0165.JPG,22,18,Pine,WF,1,11/17/18,1/31/19,1/28/19,Herbivore
1260,31428757,1,DEERWHITETAILED,22_18_WF_0166.JPG,22_18_WF_0167.JPG,22_18_WF_0168.JPG,22,18,Pine,WF,1,11/17/18,1/31/19,1/28/19,Herbivore
1261,31428758,1,DEERWHITETAILED,22_18_WF_0169.JPG,22_18_WF_0170.JPG,22_18_WF_0171.JPG,22,18,Pine,WF,1,11/17/18,1/31/19,1/28/19,Herbivore
1262,31428759,1,DEERWHITETAILED,22_18_WF_0172.JPG,22_18_WF_0173.JPG,NA,22,18,Pine,WF,1,11/17/18,1/31/19,1/28/19,Herbivore
1263,31428760,1,DEERWHITETAILED,22_18_WF_0178.JPG,22_18_WF_0179.JPG,22_18_WF_0180.JPG,22,18,Pine,WF,1,11/17/18,1/31/19,1/28/19,Herbivore
1264,31428761,1,DEERWHITETAILED,22_18_WF_0181.JPG,22_18_WF_0182.JPG,22_18_WF_0183.JPG,22,18,Pine,WF,1,11/17/18,1/31/19,1/28/19,Herbivore
1265,31428762,1,DEERWHITETAILED,22_18_WF_0184.JPG,22_18_WF_0185.JPG,22_18_WF_0186.JPG,22,18,Pine,WF,1,11/17/18,1/31/19,1/28/19,Herbivore
1266,31428763,1,DEERWHITETAILED,22_18_WF_0187.JPG,22_18_WF_0188.JPG,22_18_WF_0189.JPG,22,18,Pine,WF,1,11/17/18,1/31/19,1/28/19,Herbivore
1267,31428764,1,DEERWHITETAILED,22_18_WF_0190.JPG,22_18_WF_0191.JPG,22_18_WF_0192.JPG,22,18,Pine,WF,1,11/17/18,1/31/19,1/28/19,Herbivore
1268,31428765,1,DEERWHITETAILED,22_18_WF_0193.JPG,22_18_WF_0194.JPG,22_18_WF_0195.JPG,22,18,Pine,WF,1,11/17/18,1/31/19,1/28/19,Herbivore
1270,31428767,1,DEERWHITETAILED,22_18_WF_0199.JPG,22_18_WF_0200.JPG,22_18_WF_0201.JPG,22,18,Pine,WF,1,11/17/18,1/31/19,1/28/19,Herbivore
1271,31428768,1,DEERWHITETAILED,22_18_WF_0202.JPG,22_18_WF_0203.JPG,22_18_WF_0204.JPG,22,18,Pine,WF,1,11/17/18,1/31/19,1/28/19,Herbivore
1272,31428769,1,DEERWHITETAILED,22_18_WF_0205.JPG,22_18_WF_0206.JPG,22_18_WF_0207.JPG,22,18,Pine,WF,1,11/17/18,1/31/19,1/28/19,Herbivore
1273,31428770,1,DEERWHITETAILED,22_18_WF_0208.JPG,22_18_WF_0209.JPG,22_18_WF_0210.JPG,22,18,Pine,WF,1,11/17/18,1/31/19,1/28/19,Herbivore
1274,31428771,2,DEERWHITETAILED,22_18_WF_0211.JPG,22_18_WF_0212.JPG,22_18_WF_0213.JPG,22,18,Pine,WF,1,11/17/18,1/31/19,1/28/19,Herbivore
1275,31428772,1,DEERWHITETAILED,22_18_WF_0214.JPG,22_18_WF_0215.JPG,22_18_WF_0216.JPG,22,18,Pine,WF,1,11/17/18,1/31/19,1/28/19,Herbivore
1276,31428773,1,DEERWHITETAILED,22_18_WF_0217.JPG,22_18_WF_0218.JPG,22_18_WF_0219.JPG,22,18,Pine,WF,1,11/17/18,1/31/19,1/28/19,Herbivore
1277,31428774,1,DEERWHITETAILED,22_18_WF_0220.JPG,22_18_WF_0221.JPG,22_18_WF_0222.JPG,22,18,Pine,WF,1,11/17/18,1/31/19,1/28/19,Herbivore
1278,31428775,1,DEERWHITETAILED,22_18_WF_0223.JPG,22_18_WF_0224.JPG,22_18_WF_0225.JPG,22,18,Pine,WF,1,11/17/18,1/31/19,1/28/19,Herbivore
1279,31428776,1,DEERWHITETAILED,22_18_WF_0226.JPG,22_18_WF_0227.JPG,22_18_WF_0228.JPG,22,18,Pine,WF,1,11/17/18,1/31/19,1/28/19,Herbivore
1280,31428777,1,DEERWHITETAILED,22_18_WF_0229.JPG,22_18_WF_0230.JPG,22_18_WF_0231.JPG,22,18,Pine,WF,1,11/17/18,1/31/19,1/28/19,Herbivore
1281,31428778,1,DEERWHITETAILED,22_18_WF_0232.JPG,22_18_WF_0233.JPG,22_18_WF_0234.JPG,22,18,Pine,WF,1,11/17/18,1/31/19,1/28/19,Herbivore
1282,31428779,1,DEERWHITETAILED,22_18_WF_0235.JPG,22_18_WF_0236.JPG,22_18_WF_0237.JPG,22,18,Pine,WF,1,11/17/18,1/31/19,1/28/19,Herbivore
1283,31428780,1,DEERWHITETAILED,22_18_WF_0238.JPG,22_18_WF_0239.JPG,22_18_WF_0240.JPG,22,18,Pine,WF,1,11/17/18,1/31/19,1/28/19,Herbivore
1284,31428781,1,DEERWHITETAILED,22_18_WF_0241.JPG,22_18_WF_0242.JPG,22_18_WF_0243.JPG,22,18,Pine,WF,1,11/17/18,1/31/19,1/28/19,Herbivore
1285,31428782,1,DEERWHITETAILED,22_18_WF_0244.JPG,22_18_WF_0245.JPG,22_18_WF_0246.JPG,22,18,Pine,WF,1,11/17/18,1/31/19,1/28/19,Herbivore
1286,31428783,1,DEERWHITETAILED,22_18_WF_0247.JPG,22_18_WF_0248.JPG,22_18_WF_0249.JPG,22,18,Pine,WF,1,11/17/18,1/31/19,1/28/19,Herbivore
1287,31428784,1,DEERWHITETAILED,22_18_WF_0250.JPG,22_18_WF_0251.JPG,22_18_WF_0252.JPG,22,18,Pine,WF,1,11/17/18,1/31/19,1/28/19,Herbivore
1288,31428785,1,DEERWHITETAILED,22_18_WF_0253.JPG,22_18_WF_0254.JPG,22_18_WF_0255.JPG,22,18,Pine,WF,1,11/17/18,1/31/19,1/28/19,Herbivore
1289,31428786,1,DEERWHITETAILED,22_18_WF_0256.JPG,22_18_WF_0257.JPG,22_18_WF_0258.JPG,22,18,Pine,WF,1,11/17/18,1/31/19,1/28/19,Herbivore
1290,31428787,1,DEERWHITETAILED,22_18_WF_0259.JPG,22_18_WF_0260.JPG,22_18_WF_0261.JPG,22,18,Pine,WF,1,11/17/18,1/31/19,1/28/19,Herbivore
1291,31428788,2,DEERWHITETAILED,22_18_WF_0262.JPG,22_18_WF_0263.JPG,22_18_WF_0264.JPG,22,18,Pine,WF,1,11/17/18,1/31/19,1/28/19,Herbivore
1292,31428789,1,DEERWHITETAILED,22_18_WF_0265.JPG,22_18_WF_0266.JPG,22_18_WF_0267.JPG,22,18,Pine,WF,1,11/17/18,1/31/19,1/28/19,Herbivore
1293,31428790,1,DEERWHITETAILED,22_18_WF_0268.JPG,22_18_WF_0269.JPG,22_18_WF_0270.JPG,22,18,Pine,WF,1,11/17/18,1/31/19,1/28/19,Herbivore
1294,31428791,1,DEERWHITETAILED,22_18_WF_0271.JPG,22_18_WF_0272.JPG,22_18_WF_0273.JPG,22,18,Pine,WF,1,11/17/18,1/31/19,1/28/19,Herbivore
1295,31428792,1,DEERWHITETAILED,22_18_WF_0274.JPG,22_18_WF_0275.JPG,22_18_WF_0276.JPG,22,18,Pine,WF,1,11/17/18,1/31/19,1/28/19,Herbivore
1296,31428793,1,DEERWHITETAILED,22_18_WF_0277.JPG,22_18_WF_0278.JPG,22_18_WF_0279.JPG,22,18,Pine,WF,1,11/17/18,1/31/19,1/28/19,Herbivore
1297,31428797,1,DEERWHITETAILED,22_18_WF_0289.JPG,22_18_WF_0290.JPG,22_18_WF_0291.JPG,22,18,Pine,WF,1,11/17/18,1/31/19,1/28/19,Herbivore
1298,31428798,1,DEERWHITETAILED,22_18_WF_0292.JPG,22_18_WF_0293.JPG,22_18_WF_0294.JPG,22,18,Pine,WF,1,11/17/18,1/31/19,1/28/19,Herbivore
1299,31428799,1,DEERWHITETAILED,22_18_WF_0295.JPG,22_18_WF_0296.JPG,22_18_WF_0297.JPG,22,18,Pine,WF,1,11/17/18,1/31/19,1/28/19,Herbivore
1300,31428800,1,DEERWHITETAILED,22_18_WF_0298.JPG,22_18_WF_0299.JPG,22_18_WF_0300.JPG,22,18,Pine,WF,1,11/17/18,1/31/19,1/28/19,Herbivore
1301,31428801,1,DEERWHITETAILED,22_18_WF_0301.JPG,22_18_WF_0302.JPG,22_18_WF_0303.JPG,22,18,Pine,WF,1,11/17/18,1/31/19,1/28/19,Herbivore
1302,31428802,1,DEERWHITETAILED,22_18_WF_0304.JPG,22_18_WF_0305.JPG,22_18_WF_0306.JPG,22,18,Pine,WF,1,11/17/18,1/31/19,1/28/19,Herbivore
1303,31428803,1,DEERWHITETAILED,22_18_WF_0307.JPG,22_18_WF_0308.JPG,22_18_WF_0309.JPG,22,18,Pine,WF,1,11/17/18,1/31/19,1/28/19,Herbivore
1304,31428804,1,DEERWHITETAILED,22_18_WF_0310.JPG,22_18_WF_0311.JPG,22_18_WF_0312.JPG,22,18,Pine,WF,1,11/17/18,1/31/19,1/28/19,Herbivore
1305,31428805,1,DEERWHITETAILED,22_18_WF_0313.JPG,22_18_WF_0314.JPG,22_18_WF_0315.JPG,22,18,Pine,WF,1,11/17/18,1/31/19,1/28/19,Herbivore
1306,31428806,1,DEERWHITETAILED,22_18_WF_0316.JPG,22_18_WF_0317.JPG,22_18_WF_0318.JPG,22,18,Pine,WF,1,11/17/18,1/31/19,1/28/19,Herbivore
1307,31428807,1,DEERWHITETAILED,22_18_WF_0319.JPG,22_18_WF_0320.JPG,22_18_WF_0321.JPG,22,18,Pine,WF,1,11/17/18,1/31/19,1/28/19,Herbivore
1308,31428808,1,DEERWHITETAILED,22_18_WF_0325.JPG,22_18_WF_0326.JPG,22_18_WF_0327.JPG,22,18,Pine,WF,1,11/17/18,1/31/19,1/28/19,Herbivore
1309,31428809,1,DEERWHITETAILED,22_18_WF_0328.JPG,22_18_WF_0329.JPG,22_18_WF_0330.JPG,22,18,Pine,WF,1,11/17/18,1/31/19,1/28/19,Herbivore
1310,31428810,1,DEERWHITETAILED,22_18_WF_0331.JPG,22_18_WF_0332.JPG,22_18_WF_0333.JPG,22,18,Pine,WF,1,11/17/18,1/31/19,1/28/19,Herbivore
1311,31428811,1,DEERWHITETAILED,22_18_WF_0334.JPG,22_18_WF_0335.JPG,22_18_WF_0336.JPG,22,18,Pine,WF,1,11/17/18,1/31/19,1/28/19,Herbivore
1312,31428812,1,DEERWHITETAILED,22_18_WF_0337.JPG,22_18_WF_0338.JPG,22_18_WF_0339.JPG,22,18,Pine,WF,1,11/17/18,1/31/19,1/28/19,Herbivore
1313,31428813,1,DEERWHITETAILED,22_18_WF_0340.JPG,22_18_WF_0341.JPG,22_18_WF_0342.JPG,22,18,Pine,WF,1,11/17/18,1/31/19,1/28/19,Herbivore
1314,31428814,1,DEERWHITETAILED,22_18_WF_0343.JPG,22_18_WF_0344.JPG,22_18_WF_0345.JPG,22,18,Pine,WF,1,11/17/18,1/31/19,1/28/19,Herbivore
1315,31428815,1,DEERWHITETAILED,22_18_WF_0346.JPG,22_18_WF_0347.JPG,22_18_WF_0348.JPG,22,18,Pine,WF,1,11/17/18,1/31/19,1/28/19,Herbivore
1316,31428816,1,DEERWHITETAILED,22_18_WF_0349.JPG,22_18_WF_0350.JPG,22_18_WF_0351.JPG,22,18,Pine,WF,1,11/17/18,1/31/19,1/28/19,Herbivore
1317,31428817,1,DEERWHITETAILED,22_18_WF_0352.JPG,22_18_WF_0353.JPG,22_18_WF_0354.JPG,22,18,Pine,WF,1,11/17/18,1/31/19,1/28/19,Herbivore
1318,31428818,1,DEERWHITETAILED,22_18_WF_0355.JPG,22_18_WF_0356.JPG,22_18_WF_0357.JPG,22,18,Pine,WF,1,11/17/18,1/31/19,1/28/19,Herbivore
1319,31428819,1,DEERWHITETAILED,22_18_WF_0358.JPG,22_18_WF_0359.JPG,22_18_WF_0360.JPG,22,18,Pine,WF,1,11/17/18,1/31/19,1/28/19,Herbivore
1320,31428820,1,DEERWHITETAILED,22_18_WF_0361.JPG,22_18_WF_0362.JPG,22_18_WF_0363.JPG,22,18,Pine,WF,1,11/17/18,1/31/19,1/28/19,Herbivore
1321,31428821,1,DEERWHITETAILED,22_18_WF_0364.JPG,22_18_WF_0365.JPG,22_18_WF_0366.JPG,22,18,Pine,WF,1,11/17/18,1/31/19,1/28/19,Herbivore
1322,31428822,1,DEERWHITETAILED,22_18_WF_0367.JPG,22_18_WF_0368.JPG,22_18_WF_0369.JPG,22,18,Pine,WF,1,11/17/18,1/31/19,1/28/19,Herbivore
1323,31428823,1,DEERWHITETAILED,22_18_WF_0370.JPG,22_18_WF_0371.JPG,22_18_WF_0372.JPG,22,18,Pine,WF,1,11/17/18,1/31/19,1/28/19,Herbivore
1325,37162126,1,DEERWHITETAILED,22_31_WF_0001.JPG,22_31_WF_0002.JPG,22_31_WF_0003.JPG,22,31,Pine,WF,2,1/28/19,5/15/19,4/30/19,Herbivore
1326,37162127,1,DEERWHITETAILED,22_31_WF_0004.JPG,22_31_WF_0005.JPG,NA,22,31,Pine,WF,2,1/28/19,5/15/19,4/30/19,Herbivore
1327,37162128,1,DEERWHITETAILED,22_31_WF_0010.JPG,22_31_WF_0011.JPG,22_31_WF_0012.JPG,22,31,Pine,WF,2,1/28/19,5/15/19,4/30/19,Herbivore
1328,37162129,1,DEERWHITETAILED,22_31_WF_0013.JPG,22_31_WF_0014.JPG,22_31_WF_0015.JPG,22,31,Pine,WF,2,1/28/19,5/15/19,4/30/19,Herbivore
1329,37162130,1,DEERWHITETAILED,22_31_WF_0016.JPG,22_31_WF_0017.JPG,22_31_WF_0018.JPG,22,31,Pine,WF,2,1/28/19,5/15/19,4/30/19,Herbivore
1330,37162131,2,DEERWHITETAILED,22_31_WF_0019.JPG,22_31_WF_0020.JPG,NA,22,31,Pine,WF,2,1/28/19,5/15/19,4/30/19,Herbivore
1331,37162132,1,DEERWHITETAILED,22_31_WF_0025.JPG,22_31_WF_0026.JPG,22_31_WF_0027.JPG,22,31,Pine,WF,2,1/28/19,5/15/19,4/30/19,Herbivore
1332,37162133,1,DEERWHITETAILED,22_31_WF_0028.JPG,22_31_WF_0029.JPG,22_31_WF_0030.JPG,22,31,Pine,WF,2,1/28/19,5/15/19,4/30/19,Herbivore
1333,37162134,1,DEERWHITETAILED,22_31_WF_0031.JPG,22_31_WF_0032.JPG,22_31_WF_0033.JPG,22,31,Pine,WF,2,1/28/19,5/15/19,4/30/19,Herbivore
1335,37162136,1,DEERWHITETAILED,22_31_WF_0037.JPG,22_31_WF_0038.JPG,NA,22,31,Pine,WF,2,1/28/19,5/15/19,4/30/19,Herbivore
1336,37162137,1,DEERWHITETAILED,22_31_WF_0043.JPG,22_31_WF_0044.JPG,22_31_WF_0045.JPG,22,31,Pine,WF,2,1/28/19,5/15/19,4/30/19,Herbivore
1337,37162138,1,DEERWHITETAILED,22_31_WF_0046.JPG,22_31_WF_0047.JPG,22_31_WF_0048.JPG,22,31,Pine,WF,2,1/28/19,5/15/19,4/30/19,Herbivore
1338,37162139,1,DEERWHITETAILED,22_31_WF_0049.JPG,22_31_WF_0050.JPG,22_31_WF_0051.JPG,22,31,Pine,WF,2,1/28/19,5/15/19,4/30/19,Herbivore
1339,37162140,1,DEERWHITETAILED,22_31_WF_0052.JPG,22_31_WF_0053.JPG,22_31_WF_0054.JPG,22,31,Pine,WF,2,1/28/19,5/15/19,4/30/19,Herbivore
1341,37162142,1,DEERWHITETAILED,22_31_WF_0058.JPG,22_31_WF_0059.JPG,22_31_WF_0060.JPG,22,31,Pine,WF,2,1/28/19,5/15/19,4/30/19,Herbivore
1342,37162143,1,DEERWHITETAILED,22_31_WF_0061.JPG,22_31_WF_0062.JPG,22_31_WF_0063.JPG,22,31,Pine,WF,2,1/28/19,5/15/19,4/30/19,Herbivore
1343,37162144,1,DEERWHITETAILED,22_31_WF_0064.JPG,22_31_WF_0065.JPG,22_31_WF_0066.JPG,22,31,Pine,WF,2,1/28/19,5/15/19,4/30/19,Herbivore
1344,37162145,1,DEERWHITETAILED,22_31_WF_0067.JPG,22_31_WF_0068.JPG,22_31_WF_0069.JPG,22,31,Pine,WF,2,1/28/19,5/15/19,4/30/19,Herbivore
1345,37162146,1,DEERWHITETAILED,22_31_WF_0070.JPG,22_31_WF_0071.JPG,22_31_WF_0072.JPG,22,31,Pine,WF,2,1/28/19,5/15/19,4/30/19,Herbivore
1346,37162147,1,DEERWHITETAILED,22_31_WF_0073.JPG,22_31_WF_0074.JPG,22_31_WF_0075.JPG,22,31,Pine,WF,2,1/28/19,5/15/19,4/30/19,Herbivore
1347,37162148,1,DEERWHITETAILED,22_31_WF_0076.JPG,22_31_WF_0077.JPG,22_31_WF_0078.JPG,22,31,Pine,WF,2,1/28/19,5/15/19,4/30/19,Herbivore
1349,37162150,1,DEERWHITETAILED,22_31_WF_0082.JPG,22_31_WF_0083.JPG,22_31_WF_0084.JPG,22,31,Pine,WF,2,1/28/19,5/15/19,4/30/19,Herbivore
1351,37162153,1,DEERWHITETAILED,22_31_WF_0091.JPG,22_31_WF_0092.JPG,22_31_WF_0093.JPG,22,31,Pine,WF,2,1/28/19,5/15/19,4/30/19,Herbivore
1352,37162154,1,DEERWHITETAILED,22_31_WF_0094.JPG,22_31_WF_0095.JPG,22_31_WF_0096.JPG,22,31,Pine,WF,2,1/28/19,5/15/19,4/30/19,Herbivore
1353,37162156,1,DEERWHITETAILED,22_31_WF_0100.JPG,22_31_WF_0101.JPG,22_31_WF_0102.JPG,22,31,Pine,WF,2,1/28/19,5/15/19,4/30/19,Herbivore
1354,37162157,1,DEERWHITETAILED,22_31_WF_0103.JPG,22_31_WF_0104.JPG,22_31_WF_0105.JPG,22,31,Pine,WF,2,1/28/19,5/15/19,4/30/19,Herbivore
1355,37162158,1,DEERWHITETAILED,22_31_WF_0106.JPG,22_31_WF_0107.JPG,22_31_WF_0108.JPG,22,31,Pine,WF,2,1/28/19,5/15/19,4/30/19,Herbivore
1356,37162159,1,DEERWHITETAILED,22_31_WF_0109.JPG,22_31_WF_0110.JPG,22_31_WF_0111.JPG,22,31,Pine,WF,2,1/28/19,5/15/19,4/30/19,Herbivore
1357,37162160,1,DEERWHITETAILED,22_31_WF_0112.JPG,22_31_WF_0113.JPG,22_31_WF_0114.JPG,22,31,Pine,WF,2,1/28/19,5/15/19,4/30/19,Herbivore
1358,37162161,1,DEERWHITETAILED,22_31_WF_0115.JPG,22_31_WF_0116.JPG,22_31_WF_0117.JPG,22,31,Pine,WF,2,1/28/19,5/15/19,4/30/19,Herbivore
1359,37162162,2,DEERWHITETAILED,22_31_WF_0118.JPG,22_31_WF_0119.JPG,22_31_WF_0120.JPG,22,31,Pine,WF,2,1/28/19,5/15/19,4/30/19,Herbivore
1360,37162163,1,DEERWHITETAILED,22_31_WF_0121.JPG,22_31_WF_0122.JPG,22_31_WF_0123.JPG,22,31,Pine,WF,2,1/28/19,5/15/19,4/30/19,Herbivore
1361,37162165,1,DEERWHITETAILED,22_31_WF_0127.JPG,22_31_WF_0128.JPG,22_31_WF_0129.JPG,22,31,Pine,WF,2,1/28/19,5/15/19,4/30/19,Herbivore
1362,37162166,2,DEERWHITETAILED,22_31_WF_0130.JPG,22_31_WF_0131.JPG,22_31_WF_0132.JPG,22,31,Pine,WF,2,1/28/19,5/15/19,4/30/19,Herbivore
1364,37162168,1,DEERWHITETAILED,22_31_WF_0136.JPG,22_31_WF_0137.JPG,22_31_WF_0138.JPG,22,31,Pine,WF,2,1/28/19,5/15/19,4/30/19,Herbivore
1365,37162169,1,DEERWHITETAILED,22_31_WF_0139.JPG,22_31_WF_0140.JPG,22_31_WF_0141.JPG,22,31,Pine,WF,2,1/28/19,5/15/19,4/30/19,Herbivore
1366,37162170,1,DEERWHITETAILED,22_31_WF_0142.JPG,22_31_WF_0143.JPG,22_31_WF_0144.JPG,22,31,Pine,WF,2,1/28/19,5/15/19,4/30/19,Herbivore
1367,37162171,1,DEERWHITETAILED,22_31_WF_0145.JPG,22_31_WF_0146.JPG,22_31_WF_0147.JPG,22,31,Pine,WF,2,1/28/19,5/15/19,4/30/19,Herbivore
1368,37162172,1,DEERWHITETAILED,22_31_WF_0148.JPG,22_31_WF_0149.JPG,NA,22,31,Pine,WF,2,1/28/19,5/15/19,4/30/19,Herbivore
1369,37162173,1,DEERWHITETAILED,22_31_WF_0154.JPG,22_31_WF_0155.JPG,NA,22,31,Pine,WF,2,1/28/19,5/15/19,4/30/19,Herbivore
1370,37162174,1,DEERWHITETAILED,22_31_WF_0160.JPG,22_31_WF_0161.JPG,22_31_WF_0162.JPG,22,31,Pine,WF,2,1/28/19,5/15/19,4/30/19,Herbivore
1372,37162176,1,DEERWHITETAILED,22_31_WF_0166.JPG,22_31_WF_0167.JPG,22_31_WF_0168.JPG,22,31,Pine,WF,2,1/28/19,5/15/19,4/30/19,Herbivore
1374,37162178,1,DEERWHITETAILED,22_31_WF_0172.JPG,22_31_WF_0173.JPG,22_31_WF_0174.JPG,22,31,Pine,WF,2,1/28/19,5/15/19,4/30/19,Herbivore
1375,37162179,1,DEERWHITETAILED,22_31_WF_0175.JPG,22_31_WF_0176.JPG,22_31_WF_0177.JPG,22,31,Pine,WF,2,1/28/19,5/15/19,4/30/19,Herbivore
1376,37162180,1,DEERWHITETAILED,22_31_WF_0178.JPG,22_31_WF_0179.JPG,22_31_WF_0180.JPG,22,31,Pine,WF,2,1/28/19,5/15/19,4/30/19,Herbivore
1377,37162181,1,DEERWHITETAILED,22_31_WF_0181.JPG,22_31_WF_0182.JPG,22_31_WF_0183.JPG,22,31,Pine,WF,2,1/28/19,5/15/19,4/30/19,Herbivore
1378,37162182,1,DEERWHITETAILED,22_31_WF_0184.JPG,22_31_WF_0185.JPG,22_31_WF_0186.JPG,22,31,Pine,WF,2,1/28/19,5/15/19,4/30/19,Herbivore
1379,37162183,1,DEERWHITETAILED,22_31_WF_0187.JPG,22_31_WF_0188.JPG,22_31_WF_0189.JPG,22,31,Pine,WF,2,1/28/19,5/15/19,4/30/19,Herbivore
1380,37162185,1,DEERWHITETAILED,22_31_WF_0193.JPG,22_31_WF_0194.JPG,22_31_WF_0195.JPG,22,31,Pine,WF,2,1/28/19,5/15/19,4/30/19,Herbivore
1381,37162187,1,DEERWHITETAILED,22_31_WF_0199.JPG,22_31_WF_0200.JPG,22_31_WF_0201.JPG,22,31,Pine,WF,2,1/28/19,5/15/19,4/30/19,Herbivore
1382,37162188,1,DEERWHITETAILED,22_31_WF_0202.JPG,22_31_WF_0203.JPG,22_31_WF_0204.JPG,22,31,Pine,WF,2,1/28/19,5/15/19,4/30/19,Herbivore
1383,37162189,1,DEERWHITETAILED,22_31_WF_0205.JPG,22_31_WF_0206.JPG,22_31_WF_0207.JPG,22,31,Pine,WF,2,1/28/19,5/15/19,4/30/19,Herbivore
1384,37162190,1,DEERWHITETAILED,22_31_WF_0208.JPG,22_31_WF_0209.JPG,22_31_WF_0210.JPG,22,31,Pine,WF,2,1/28/19,5/15/19,4/30/19,Herbivore
1385,37162191,1,DEERWHITETAILED,22_31_WF_0211.JPG,22_31_WF_0212.JPG,22_31_WF_0213.JPG,22,31,Pine,WF,2,1/28/19,5/15/19,4/30/19,Herbivore
1388,37162194,1,DEERWHITETAILED,22_31_WF_0220.JPG,22_31_WF_0221.JPG,22_31_WF_0222.JPG,22,31,Pine,WF,2,1/28/19,5/15/19,4/30/19,Herbivore
1390,37162196,1,DEERWHITETAILED,22_31_WF_0226.JPG,22_31_WF_0227.JPG,22_31_WF_0228.JPG,22,31,Pine,WF,2,1/28/19,5/15/19,4/30/19,Herbivore
1391,37162197,1,DEERWHITETAILED,22_31_WF_0229.JPG,22_31_WF_0230.JPG,22_31_WF_0231.JPG,22,31,Pine,WF,2,1/28/19,5/15/19,4/30/19,Herbivore
1394,37162202,1,DEERWHITETAILED,22_31_WF_0250.JPG,22_31_WF_0251.JPG,22_31_WF_0252.JPG,22,31,Pine,WF,2,1/28/19,5/15/19,4/30/19,Herbivore
1395,37162203,1,DEERWHITETAILED,22_31_WF_0253.JPG,22_31_WF_0254.JPG,22_31_WF_0255.JPG,22,31,Pine,WF,2,1/28/19,5/15/19,4/30/19,Herbivore
1396,37162204,1,DEERWHITETAILED,22_31_WF_0256.JPG,22_31_WF_0257.JPG,22_31_WF_0258.JPG,22,31,Pine,WF,2,1/28/19,5/15/19,4/30/19,Herbivore
1402,31428825,1,DEERWHITETAILED,23_03_SH_0001.JPG,23_03_SH_0002.JPG,23_03_SH_0003.JPG,23,3,Deciduous,SH,1,11/14/18,2/11/19,2/9/19,Herbivore
1403,31428826,1,DEERWHITETAILED,23_03_SH_0004.JPG,23_03_SH_0005.JPG,23_03_SH_0006.JPG,23,3,Deciduous,SH,1,11/14/18,2/11/19,2/9/19,Herbivore
1406,31428830,1,DEERWHITETAILED,23_03_SH_0016.JPG,23_03_SH_0017.JPG,23_03_SH_0018.JPG,23,3,Deciduous,SH,1,11/14/18,2/11/19,2/9/19,Herbivore
1408,31428832,1,DEERWHITETAILED,23_03_SH_0022.JPG,23_03_SH_0023.JPG,23_03_SH_0024.JPG,23,3,Deciduous,SH,1,11/14/18,2/11/19,2/9/19,Herbivore
1409,31428833,1,DEERWHITETAILED,23_03_SH_0025.JPG,23_03_SH_0026.JPG,23_03_SH_0027.JPG,23,3,Deciduous,SH,1,11/14/18,2/11/19,2/9/19,Herbivore
1414,31428839,1,DEERWHITETAILED,23_03_SH_0043.JPG,23_03_SH_0044.JPG,23_03_SH_0045.JPG,23,3,Deciduous,SH,1,11/14/18,2/11/19,2/9/19,Herbivore
1415,31428840,1,DEERWHITETAILED,23_03_SH_0046.JPG,23_03_SH_0047.JPG,23_03_SH_0048.JPG,23,3,Deciduous,SH,1,11/14/18,2/11/19,2/9/19,Herbivore
1416,31428841,1,DEERWHITETAILED,23_03_SH_0049.JPG,23_03_SH_0050.JPG,23_03_SH_0051.JPG,23,3,Deciduous,SH,1,11/14/18,2/11/19,2/9/19,Herbivore
1417,31428842,2,DEERWHITETAILED,23_03_SH_0052.JPG,23_03_SH_0053.JPG,23_03_SH_0054.JPG,23,3,Deciduous,SH,1,11/14/18,2/11/19,2/9/19,Herbivore
1420,31428845,1,DEERWHITETAILED,23_03_SH_0061.JPG,23_03_SH_0062.JPG,23_03_SH_0063.JPG,23,3,Deciduous,SH,1,11/14/18,2/11/19,2/9/19,Herbivore
1421,31428846,2,DEERWHITETAILED,23_03_SH_0064.JPG,23_03_SH_0065.JPG,23_03_SH_0066.JPG,23,3,Deciduous,SH,1,11/14/18,2/11/19,2/9/19,Herbivore
1422,31428847,1,DEERWHITETAILED,23_03_SH_0067.JPG,23_03_SH_0068.JPG,23_03_SH_0069.JPG,23,3,Deciduous,SH,1,11/14/18,2/11/19,2/9/19,Herbivore
1423,31428848,2,DEERWHITETAILED,23_03_SH_0070.JPG,23_03_SH_0071.JPG,23_03_SH_0072.JPG,23,3,Deciduous,SH,1,11/14/18,2/11/19,2/9/19,Herbivore
1424,31428851,2,DEERWHITETAILED,23_03_SH_0079.JPG,23_03_SH_0080.JPG,23_03_SH_0081.JPG,23,3,Deciduous,SH,1,11/14/18,2/11/19,2/9/19,Herbivore
1426,31428854,1,DEERWHITETAILED,23_03_SH_0088.JPG,23_03_SH_0089.JPG,23_03_SH_0090.JPG,23,3,Deciduous,SH,1,11/14/18,2/11/19,2/9/19,Herbivore
1427,31428855,1,DEERWHITETAILED,23_03_SH_0091.JPG,23_03_SH_0092.JPG,23_03_SH_0093.JPG,23,3,Deciduous,SH,1,11/14/18,2/11/19,2/9/19,Herbivore
1429,31428857,1,DEERWHITETAILED,23_03_SH_0097.JPG,23_03_SH_0098.JPG,23_03_SH_0099.JPG,23,3,Deciduous,SH,1,11/14/18,2/11/19,2/9/19,Herbivore
1430,31428862,2,DEERWHITETAILED,23_03_SH_0112.JPG,23_03_SH_0113.JPG,23_03_SH_0114.JPG,23,3,Deciduous,SH,1,11/14/18,2/11/19,2/9/19,Herbivore
1431,31428863,1,DEERWHITETAILED,23_03_SH_0115.JPG,23_03_SH_0116.JPG,23_03_SH_0117.JPG,23,3,Deciduous,SH,1,11/14/18,2/11/19,2/9/19,Herbivore
1432,31428864,1,DEERWHITETAILED,23_03_SH_0118.JPG,23_03_SH_0119.JPG,23_03_SH_0120.JPG,23,3,Deciduous,SH,1,11/14/18,2/11/19,2/9/19,Herbivore
1433,37162210,1,DEERWHITETAILED,23_16_SH_0001.JPG,23_16_SH_0002.JPG,NA,23,16,Deciduous,SH,2,2/11/19,5/10/19,5/10/19,Herbivore
1434,37162212,1,DEERWHITETAILED,23_16_SH_0007.JPG,23_16_SH_0008.JPG,23_16_SH_0009.JPG,23,16,Deciduous,SH,2,2/11/19,5/10/19,5/10/19,Herbivore
1436,37162214,1,DEERWHITETAILED,23_16_SH_0013.JPG,23_16_SH_0014.JPG,23_16_SH_0015.JPG,23,16,Deciduous,SH,2,2/11/19,5/10/19,5/10/19,Herbivore
1437,37162215,2,DEERWHITETAILED,23_16_SH_0016.JPG,23_16_SH_0017.JPG,23_16_SH_0018.JPG,23,16,Deciduous,SH,2,2/11/19,5/10/19,5/10/19,Herbivore
1438,37162216,1,DEERWHITETAILED,23_16_SH_0022.JPG,23_16_SH_0023.JPG,23_16_SH_0024.JPG,23,16,Deciduous,SH,2,2/11/19,5/10/19,5/10/19,Herbivore
1439,37162217,1,DEERWHITETAILED,23_16_SH_0025.JPG,23_16_SH_0026.JPG,23_16_SH_0027.JPG,23,16,Deciduous,SH,2,2/11/19,5/10/19,5/10/19,Herbivore
1440,37162218,1,DEERWHITETAILED,23_16_SH_0028.JPG,23_16_SH_0029.JPG,23_16_SH_0030.JPG,23,16,Deciduous,SH,2,2/11/19,5/10/19,5/10/19,Herbivore
1448,37162232,1,DEERWHITETAILED,23_16_SH_0082.JPG,23_16_SH_0083.JPG,NA,23,16,Deciduous,SH,2,2/11/19,5/10/19,5/10/19,Herbivore
1451,39638594,2,DEERWHITETAILED,23_24_SH_0001.JPG,23_24_SH_0002.JPG,23_24_SH_0003.JPG,23,24,Deciduous,SH,4,9/20/19,12/7/19,12/7/19,Herbivore
1521,39640069,1,DEERWHITETAILED,23_24_SH_0220.JPG,23_24_SH_0221.JPG,23_24_SH_0222.JPG,23,24,Deciduous,SH,4,9/20/19,12/7/19,12/7/19,Herbivore
1524,37818657,1,DEERWHITETAILED,23_32_SH_0007.JPG,23_32_SH_0008.JPG,23_32_SH_0009.JPG,23,32,Deciduous,SH,3,5/10/19,8/31/19,8/31/19,Herbivore
1525,37818658,1,DEERWHITETAILED,23_32_SH_0010.JPG,23_32_SH_0011.JPG,23_32_SH_0012.JPG,23,32,Deciduous,SH,3,5/10/19,8/31/19,8/31/19,Herbivore
1526,37818659,1,DEERWHITETAILED,23_32_SH_0013.JPG,23_32_SH_0014.JPG,23_32_SH_0015.JPG,23,32,Deciduous,SH,3,5/10/19,8/31/19,8/31/19,Herbivore
1527,37818706,1,DEERWHITETAILED,23_32_SH_0016.JPG,23_32_SH_0017.JPG,23_32_SH_0018.JPG,23,32,Deciduous,SH,3,5/10/19,8/31/19,8/31/19,Herbivore
1529,37820173,1,DEERWHITETAILED,23_32_SH_0031.JPG,23_32_SH_0032.JPG,23_32_SH_0033.JPG,23,32,Deciduous,SH,3,5/10/19,8/31/19,8/31/19,Herbivore
1531,37820321,1,DEERWHITETAILED,23_32_SH_0040.JPG,23_32_SH_0041.JPG,23_32_SH_0042.JPG,23,32,Deciduous,SH,3,5/10/19,8/31/19,8/31/19,Herbivore
1534,37820441,1,DEERWHITETAILED,23_32_SH_0049.JPG,23_32_SH_0050.JPG,23_32_SH_0051.JPG,23,32,Deciduous,SH,3,5/10/19,8/31/19,8/31/19,Herbivore
1549,37821946,1,DEERWHITETAILED,23_32_SH_0139.JPG,23_32_SH_0140.JPG,23_32_SH_0141.JPG,23,32,Deciduous,SH,3,5/10/19,8/31/19,8/31/19,Herbivore
1550,37821952,1,DEERWHITETAILED,23_32_SH_0142.JPG,23_32_SH_0143.JPG,23_32_SH_0144.JPG,23,32,Deciduous,SH,3,5/10/19,8/31/19,8/31/19,Herbivore
1552,37822083,1,DEERWHITETAILED,23_32_SH_0151.JPG,23_32_SH_0152.JPG,23_32_SH_0153.JPG,23,32,Deciduous,SH,3,5/10/19,8/31/19,8/31/19,Herbivore
1579,31428876,1,DEERWHITETAILED,24_04_BC_0034.JPG,24_04_BC_0035.JPG,24_04_BC_0036.JPG,24,4,Deciduous,BC,1,11/15/18,3/4/19,12/5/18,Herbivore
1580,31428877,1,DEERWHITETAILED,24_04_BC_0037.JPG,24_04_BC_0038.JPG,24_04_BC_0039.JPG,24,4,Deciduous,BC,1,11/15/18,3/4/19,12/5/18,Herbivore
1582,31428879,1,DEERWHITETAILED,24_04_BC_0043.JPG,24_04_BC_0044.JPG,24_04_BC_0045.JPG,24,4,Deciduous,BC,1,11/15/18,3/4/19,12/5/18,Herbivore
1583,31428880,1,DEERWHITETAILED,24_04_BC_0046.JPG,24_04_BC_0047.JPG,24_04_BC_0048.JPG,24,4,Deciduous,BC,1,11/15/18,3/4/19,12/5/18,Herbivore
1584,31428881,2,DEERWHITETAILED,24_04_BC_0049.JPG,24_04_BC_0050.JPG,24_04_BC_0051.JPG,24,4,Deciduous,BC,1,11/15/18,3/4/19,12/5/18,Herbivore
1585,31428882,1,DEERWHITETAILED,24_04_BC_0052.JPG,24_04_BC_0053.JPG,24_04_BC_0054.JPG,24,4,Deciduous,BC,1,11/15/18,3/4/19,12/5/18,Herbivore
1586,31428883,1,DEERWHITETAILED,24_04_BC_0055.JPG,24_04_BC_0056.JPG,24_04_BC_0057.JPG,24,4,Deciduous,BC,1,11/15/18,3/4/19,12/5/18,Herbivore
1587,31428884,1,DEERWHITETAILED,24_04_BC_0058.JPG,24_04_BC_0059.JPG,24_04_BC_0060.JPG,24,4,Deciduous,BC,1,11/15/18,3/4/19,12/5/18,Herbivore
1588,31428885,1,DEERWHITETAILED,24_04_BC_0061.JPG,24_04_BC_0062.JPG,24_04_BC_0063.JPG,24,4,Deciduous,BC,1,11/15/18,3/4/19,12/5/18,Herbivore
1591,31428888,1,DEERWHITETAILED,24_04_BC_0070.JPG,24_04_BC_0071.JPG,24_04_BC_0072.JPG,24,4,Deciduous,BC,1,11/15/18,3/4/19,12/5/18,Herbivore
1592,31428889,1,DEERWHITETAILED,24_04_BC_0073.JPG,24_04_BC_0074.JPG,24_04_BC_0075.JPG,24,4,Deciduous,BC,1,11/15/18,3/4/19,12/5/18,Herbivore
1593,31428890,1,DEERWHITETAILED,24_04_BC_0076.JPG,24_04_BC_0077.JPG,24_04_BC_0078.JPG,24,4,Deciduous,BC,1,11/15/18,3/4/19,12/5/18,Herbivore
1594,31428891,1,DEERWHITETAILED,24_04_BC_0079.JPG,24_04_BC_0080.JPG,24_04_BC_0081.JPG,24,4,Deciduous,BC,1,11/15/18,3/4/19,12/5/18,Herbivore
1595,31428892,1,DEERWHITETAILED,24_04_BC_0082.JPG,24_04_BC_0083.JPG,24_04_BC_0084.JPG,24,4,Deciduous,BC,1,11/15/18,3/4/19,12/5/18,Herbivore
1596,31428893,1,DEERWHITETAILED,24_04_BC_0085.JPG,24_04_BC_0086.JPG,24_04_BC_0087.JPG,24,4,Deciduous,BC,1,11/15/18,3/4/19,12/5/18,Herbivore
1597,31428894,1,DEERWHITETAILED,24_04_BC_0088.JPG,24_04_BC_0089.JPG,24_04_BC_0090.JPG,24,4,Deciduous,BC,1,11/15/18,3/4/19,12/5/18,Herbivore
1599,37162241,1,DEERWHITETAILED,24_18_BC_0004.JPG,24_18_BC_0005.JPG,NA,24,18,Deciduous,BC,2,3/4/19,5/11/19,5/11/19,Herbivore
1600,37162243,1,DEERWHITETAILED,24_18_BC_0016.JPG,24_18_BC_0017.JPG,24_18_BC_0018.JPG,24,18,Deciduous,BC,2,3/4/19,5/11/19,5/11/19,Herbivore
1608,37162251,1,DEERWHITETAILED,24_18_BC_0040.JPG,24_18_BC_0041.JPG,24_18_BC_0042.JPG,24,18,Deciduous,BC,2,3/4/19,5/11/19,5/11/19,Herbivore
1609,37162252,2,DEERWHITETAILED,24_18_BC_0043.JPG,24_18_BC_0044.JPG,24_18_BC_0045.JPG,24,18,Deciduous,BC,2,3/4/19,5/11/19,5/11/19,Herbivore
1610,37162253,1,DEERWHITETAILED,24_18_BC_0046.JPG,24_18_BC_0047.JPG,24_18_BC_0048.JPG,24,18,Deciduous,BC,2,3/4/19,5/11/19,5/11/19,Herbivore
1615,37162258,1,DEERWHITETAILED,24_18_BC_0061.JPG,24_18_BC_0062.JPG,24_18_BC_0063.JPG,24,18,Deciduous,BC,2,3/4/19,5/11/19,5/11/19,Herbivore
1616,37162259,1,DEERWHITETAILED,24_18_BC_0064.JPG,24_18_BC_0065.JPG,24_18_BC_0066.JPG,24,18,Deciduous,BC,2,3/4/19,5/11/19,5/11/19,Herbivore
1617,37162260,1,DEERWHITETAILED,24_18_BC_0067.JPG,24_18_BC_0068.JPG,24_18_BC_0069.JPG,24,18,Deciduous,BC,2,3/4/19,5/11/19,5/11/19,Herbivore
1618,37162265,1,DEERWHITETAILED,24_18_BC_0091.JPG,24_18_BC_0092.JPG,24_18_BC_0093.JPG,24,18,Deciduous,BC,2,3/4/19,5/11/19,5/11/19,Herbivore
1620,37162267,1,DEERWHITETAILED,24_18_BC_0100.JPG,24_18_BC_0101.JPG,24_18_BC_0102.JPG,24,18,Deciduous,BC,2,3/4/19,5/11/19,5/11/19,Herbivore
1621,37162268,1,DEERWHITETAILED,24_18_BC_0103.JPG,24_18_BC_0104.JPG,24_18_BC_0105.JPG,24,18,Deciduous,BC,2,3/4/19,5/11/19,5/11/19,Herbivore
1622,37162269,1,DEERWHITETAILED,24_18_BC_0106.JPG,24_18_BC_0107.JPG,24_18_BC_0108.JPG,24,18,Deciduous,BC,2,3/4/19,5/11/19,5/11/19,Herbivore
1623,37162270,1,DEERWHITETAILED,24_18_BC_0109.JPG,24_18_BC_0110.JPG,24_18_BC_0111.JPG,24,18,Deciduous,BC,2,3/4/19,5/11/19,5/11/19,Herbivore
1624,37162271,1,DEERWHITETAILED,24_18_BC_0112.JPG,24_18_BC_0113.JPG,24_18_BC_0114.JPG,24,18,Deciduous,BC,2,3/4/19,5/11/19,5/11/19,Herbivore
1625,37162272,1,DEERWHITETAILED,24_18_BC_0115.JPG,24_18_BC_0116.JPG,24_18_BC_0117.JPG,24,18,Deciduous,BC,2,3/4/19,5/11/19,5/11/19,Herbivore
1626,37162273,2,DEERWHITETAILED,24_18_BC_0118.JPG,24_18_BC_0119.JPG,24_18_BC_0120.JPG,24,18,Deciduous,BC,2,3/4/19,5/11/19,5/11/19,Herbivore
1627,37162274,1,DEERWHITETAILED,24_18_BC_0121.JPG,24_18_BC_0122.JPG,24_18_BC_0123.JPG,24,18,Deciduous,BC,2,3/4/19,5/11/19,5/11/19,Herbivore
1628,37162275,1,DEERWHITETAILED,24_18_BC_0124.JPG,24_18_BC_0125.JPG,24_18_BC_0126.JPG,24,18,Deciduous,BC,2,3/4/19,5/11/19,5/11/19,Herbivore
1631,37162280,1,DEERWHITETAILED,24_18_BC_0142.JPG,24_18_BC_0143.JPG,24_18_BC_0144.JPG,24,18,Deciduous,BC,2,3/4/19,5/11/19,5/11/19,Herbivore
1632,37162281,1,DEERWHITETAILED,24_18_BC_0145.JPG,24_18_BC_0146.JPG,24_18_BC_0147.JPG,24,18,Deciduous,BC,2,3/4/19,5/11/19,5/11/19,Herbivore
1633,37162282,1,DEERWHITETAILED,24_18_BC_0148.JPG,24_18_BC_0149.JPG,24_18_BC_0150.JPG,24,18,Deciduous,BC,2,3/4/19,5/11/19,5/11/19,Herbivore
1634,37162283,1,DEERWHITETAILED,24_18_BC_0151.JPG,24_18_BC_0152.JPG,24_18_BC_0153.JPG,24,18,Deciduous,BC,2,3/4/19,5/11/19,5/11/19,Herbivore
1637,37162289,1,DEERWHITETAILED,24_18_BC_0175.JPG,24_18_BC_0176.JPG,24_18_BC_0177.JPG,24,18,Deciduous,BC,2,3/4/19,5/11/19,5/11/19,Herbivore
1638,37162290,1,DEERWHITETAILED,24_18_BC_0178.JPG,24_18_BC_0179.JPG,24_18_BC_0180.JPG,24,18,Deciduous,BC,2,3/4/19,5/11/19,5/11/19,Herbivore
1641,37162318,1,DEERWHITETAILED,24_18_BC_0295.JPG,24_18_BC_0296.JPG,24_18_BC_0297.JPG,24,18,Deciduous,BC,2,3/4/19,5/11/19,5/11/19,Herbivore
1644,37162338,1,DEERWHITETAILED,24_18_BC_0370.JPG,24_18_BC_0371.JPG,24_18_BC_0372.JPG,24,18,Deciduous,BC,2,3/4/19,5/11/19,5/11/19,Herbivore
1645,37162346,1,DEERWHITETAILED,24_18_BC_0418.JPG,24_18_BC_0419.JPG,24_18_BC_0420.JPG,24,18,Deciduous,BC,2,3/4/19,5/11/19,5/11/19,Herbivore
1649,37162365,1,DEERWHITETAILED,24_18_BC_0508.JPG,24_18_BC_0509.JPG,24_18_BC_0510.JPG,24,18,Deciduous,BC,2,3/4/19,5/11/19,5/11/19,Herbivore
1650,37162367,1,DEERWHITETAILED,25_06_SH_0001.JPG,25_06_SH_0002.JPG,25_06_SH_0003.JPG,25,6,Deciduous,SH,2,2/11/19,5/10/19,5/5/19,Herbivore
1651,37162368,1,DEERWHITETAILED,25_06_SH_0004.JPG,25_06_SH_0005.JPG,25_06_SH_0006.JPG,25,6,Deciduous,SH,2,2/11/19,5/10/19,5/5/19,Herbivore
1653,37162370,1,DEERWHITETAILED,25_06_SH_0013.JPG,25_06_SH_0014.JPG,25_06_SH_0015.JPG,25,6,Deciduous,SH,2,2/11/19,5/10/19,5/5/19,Herbivore
1654,37162371,1,DEERWHITETAILED,25_06_SH_0016.JPG,25_06_SH_0017.JPG,25_06_SH_0018.JPG,25,6,Deciduous,SH,2,2/11/19,5/10/19,5/5/19,Herbivore
1655,37162372,1,DEERWHITETAILED,25_06_SH_0019.JPG,25_06_SH_0020.JPG,25_06_SH_0021.JPG,25,6,Deciduous,SH,2,2/11/19,5/10/19,5/5/19,Herbivore
1656,37162373,1,DEERWHITETAILED,25_06_SH_0022.JPG,25_06_SH_0023.JPG,25_06_SH_0024.JPG,25,6,Deciduous,SH,2,2/11/19,5/10/19,5/5/19,Herbivore
1657,37162375,1,DEERWHITETAILED,25_06_SH_0031.JPG,25_06_SH_0032.JPG,25_06_SH_0033.JPG,25,6,Deciduous,SH,2,2/11/19,5/10/19,5/5/19,Herbivore
1663,31428901,1,DEERWHITETAILED,25_09_SH_0021.JPG,25_09_SH_0022.JPG,25_09_SH_0023.JPG,25,9,Deciduous,SH,1,11/14/18,2/11/19,1/16/19,Herbivore
1664,31428902,1,DEERWHITETAILED,25_09_SH_0024.JPG,25_09_SH_0025.JPG,25_09_SH_0026.JPG,25,9,Deciduous,SH,1,11/14/18,2/11/19,1/16/19,Herbivore
1665,31428903,1,DEERWHITETAILED,25_09_SH_0027.JPG,25_09_SH_0028.JPG,25_09_SH_0029.JPG,25,9,Deciduous,SH,1,11/14/18,2/11/19,1/16/19,Herbivore
1666,31428904,1,DEERWHITETAILED,25_09_SH_0030.JPG,25_09_SH_0031.JPG,25_09_SH_0032.JPG,25,9,Deciduous,SH,1,11/14/18,2/11/19,1/16/19,Herbivore
1667,31428905,1,DEERWHITETAILED,25_09_SH_0033.JPG,25_09_SH_0034.JPG,25_09_SH_0035.JPG,25,9,Deciduous,SH,1,11/14/18,2/11/19,1/16/19,Herbivore
1670,31428909,1,DEERWHITETAILED,25_09_SH_0045.JPG,25_09_SH_0046.JPG,25_09_SH_0047.JPG,25,9,Deciduous,SH,1,11/14/18,2/11/19,1/16/19,Herbivore
1677,31428919,1,DEERWHITETAILED,25_09_SH_0075.JPG,25_09_SH_0076.JPG,25_09_SH_0077.JPG,25,9,Deciduous,SH,1,11/14/18,2/11/19,1/16/19,Herbivore
1685,37162378,1,DEERWHITETAILED,27_03_DON_0010.JPG,27_03_DON_0011.JPG,27_03_DON_0012.JPG,27,3,Deciduous,DON,2,2/28/19,5/16/19,4/22/19,Herbivore
1686,37162380,1,DEERWHITETAILED,27_03_DON_0016.JPG,27_03_DON_0017.JPG,27_03_DON_0018.JPG,27,3,Deciduous,DON,2,2/28/19,5/16/19,4/22/19,Herbivore
1687,37162381,1,DEERWHITETAILED,27_03_DON_0019.JPG,27_03_DON_0020.JPG,27_03_DON_0021.JPG,27,3,Deciduous,DON,2,2/28/19,5/16/19,4/22/19,Herbivore
1688,37162382,1,DEERWHITETAILED,27_03_DON_0022.JPG,27_03_DON_0023.JPG,27_03_DON_0024.JPG,27,3,Deciduous,DON,2,2/28/19,5/16/19,4/22/19,Herbivore
1693,37814618,1,DEERWHITETAILED,27_08_IMG_0010.JPG,27_08_IMG_0011.JPG,27_08_IMG_0012.JPG,27,8,Deciduous,DON,1,12/13/18,2/25/19,2/25/19,Herbivore
1695,37814620,1,DEERWHITETAILED,27_08_IMG_0016.JPG,27_08_IMG_0017.JPG,27_08_IMG_0018.JPG,27,8,Deciduous,DON,1,12/13/18,2/25/19,2/25/19,Herbivore
1696,37814621,1,DEERWHITETAILED,27_08_IMG_0019.JPG,27_08_IMG_0020.JPG,27_08_IMG_0021.JPG,27,8,Deciduous,DON,1,12/13/18,2/25/19,2/25/19,Herbivore
1699,31428925,1,DEERWHITETAILED,27_08_IMG_0034.JPG,27_08_IMG_0035.JPG,27_08_IMG_0036.JPG,27,8,Deciduous,DON,1,12/13/18,2/25/19,2/25/19,Herbivore
1700,31428928,1,DEERWHITETAILED,27_08_IMG_0043.JPG,27_08_IMG_0044.JPG,27_08_IMG_0045.JPG,27,8,Deciduous,DON,1,12/13/18,2/25/19,2/25/19,Herbivore
1701,41008428,2,DEERWHITETAILED,27_35_DEG_0091.JPG,27_35_DEG_0092.JPG,27_35_DEG_0093.JPG,27,35,Pine,DEG,3,5/16/19,9/8/19,5/21/19,Herbivore
1708,41008528,1,DEERWHITETAILED,27_41_BC_0016.JPG,27_41_BC_0017.JPG,27_41_BC_0018.JPG,27,41,Deciduous,BC,4,10/9/19,12/14/19,10/13/19,Herbivore
1709,41008529,1,DEERWHITETAILED,27_41_BC_0019.JPG,27_41_BC_0020.JPG,27_41_BC_0021.JPG,27,41,Deciduous,BC,4,10/9/19,12/14/19,10/13/19,Herbivore
1710,41008530,2,DEERWHITETAILED,27_41_BC_0022.JPG,27_41_BC_0023.JPG,27_41_BC_0024.JPG,27,41,Deciduous,BC,4,10/9/19,12/14/19,10/13/19,Herbivore
1711,41008531,1,DEERWHITETAILED,27_41_BC_0025.JPG,27_41_BC_0026.JPG,27_41_BC_0027.JPG,27,41,Deciduous,BC,4,10/9/19,12/14/19,10/13/19,Herbivore
1720,39638610,1,DEERWHITETAILED,28_01_SH_0013.JPG,28_01_SH_0014.JPG,28_01_SH_0015.JPG,28,1,Deciduous,SH,4,9/20/19,12/7/19,12/7/19,Herbivore
1721,39638612,1,DEERWHITETAILED,28_01_SH_0016.JPG,28_01_SH_0017.JPG,28_01_SH_0018.JPG,28,1,Deciduous,SH,4,9/20/19,12/7/19,12/7/19,Herbivore
1722,39638614,1,DEERWHITETAILED,28_01_SH_0022.JPG,28_01_SH_0023.JPG,28_01_SH_0024.JPG,28,1,Deciduous,SH,4,9/20/19,12/7/19,12/7/19,Herbivore
1735,39638643,1,DEERWHITETAILED,28_01_SH_0061.JPG,28_01_SH_0062.JPG,28_01_SH_0063.JPG,28,1,Deciduous,SH,4,9/20/19,12/7/19,12/7/19,Herbivore
1739,39638697,1,DEERWHITETAILED,28_01_SH_0073.JPG,28_01_SH_0074.JPG,28_01_SH_0075.JPG,28,1,Deciduous,SH,4,9/20/19,12/7/19,12/7/19,Herbivore
1740,39638698,1,DEERWHITETAILED,28_01_SH_0076.JPG,28_01_SH_0077.JPG,28_01_SH_0078.JPG,28,1,Deciduous,SH,4,9/20/19,12/7/19,12/7/19,Herbivore
1741,39638710,1,DEERWHITETAILED,28_01_SH_0079.JPG,28_01_SH_0080.JPG,28_01_SH_0081.JPG,28,1,Deciduous,SH,4,9/20/19,12/7/19,12/7/19,Herbivore
1747,39638733,1,DEERWHITETAILED,28_01_SH_0097.JPG,28_01_SH_0098.JPG,28_01_SH_0099.JPG,28,1,Deciduous,SH,4,9/20/19,12/7/19,12/7/19,Herbivore
1751,39638823,1,DEERWHITETAILED,28_01_SH_0112.JPG,28_01_SH_0113.JPG,28_01_SH_0114.JPG,28,1,Deciduous,SH,4,9/20/19,12/7/19,12/7/19,Herbivore
1752,39638824,2,DEERWHITETAILED,28_01_SH_0115.JPG,28_01_SH_0116.JPG,28_01_SH_0117.JPG,28,1,Deciduous,SH,4,9/20/19,12/7/19,12/7/19,Herbivore
1754,39638859,1,DEERWHITETAILED,28_01_SH_0124.JPG,28_01_SH_0125.JPG,28_01_SH_0126.JPG,28,1,Deciduous,SH,4,9/20/19,12/7/19,12/7/19,Herbivore
1757,39638871,1,DEERWHITETAILED,28_01_SH_0133.JPG,28_01_SH_0134.JPG,28_01_SH_0135.JPG,28,1,Deciduous,SH,4,9/20/19,12/7/19,12/7/19,Herbivore
1775,39639067,2,DEERWHITETAILED,28_01_SH_0199.JPG,28_01_SH_0200.JPG,28_01_SH_0201.JPG,28,1,Deciduous,SH,4,9/20/19,12/7/19,12/7/19,Herbivore
1786,39639239,1,DEERWHITETAILED,28_01_SH_0241.JPG,28_01_SH_0242.JPG,NA,28,1,Deciduous,SH,4,9/20/19,12/7/19,12/7/19,Herbivore
1787,39639240,1,DEERWHITETAILED,28_01_SH_0247.JPG,28_01_SH_0248.JPG,28_01_SH_0249.JPG,28,1,Deciduous,SH,4,9/20/19,12/7/19,12/7/19,Herbivore
1926,37162389,1,DEERWHITETAILED,28_38_DEG_0004.JPG,28_38_DEG_0005.JPG,28_38_DEG_0006.JPG,28,38,Pine,DEG,2,2/7/19,5/13/19,4/18/19,Herbivore
1927,37162390,1,DEERWHITETAILED,28_38_DEG_0007.JPG,28_38_DEG_0008.JPG,28_38_DEG_0009.JPG,28,38,Pine,DEG,2,2/7/19,5/13/19,4/18/19,Herbivore
1929,37162392,1,DEERWHITETAILED,28_38_DEG_0013.JPG,28_38_DEG_0014.JPG,28_38_DEG_0015.JPG,28,38,Pine,DEG,2,2/7/19,5/13/19,4/18/19,Herbivore
1930,37162393,1,DEERWHITETAILED,28_38_DEG_0016.JPG,28_38_DEG_0017.JPG,28_38_DEG_0018.JPG,28,38,Pine,DEG,2,2/7/19,5/13/19,4/18/19,Herbivore
1932,37162396,1,DEERWHITETAILED,28_38_DEG_0025.JPG,28_38_DEG_0026.JPG,28_38_DEG_0027.JPG,28,38,Pine,DEG,2,2/7/19,5/13/19,4/18/19,Herbivore
1933,37162397,1,DEERWHITETAILED,28_38_DEG_0028.JPG,28_38_DEG_0029.JPG,28_38_DEG_0030.JPG,28,38,Pine,DEG,2,2/7/19,5/13/19,4/18/19,Herbivore
1934,37162398,1,DEERWHITETAILED,28_38_DEG_0031.JPG,28_38_DEG_0032.JPG,28_38_DEG_0033.JPG,28,38,Pine,DEG,2,2/7/19,5/13/19,4/18/19,Herbivore
1939,37162424,1,DEERWHITETAILED,29_12_DEG_0001.JPG,29_12_DEG_0002.JPG,29_12_DEG_0003.JPG,29,12,Pine,DEG,2,2/7/19,5/13/19,2/27/19,Herbivore
1940,37162425,1,DEERWHITETAILED,29_12_DEG_0004.JPG,29_12_DEG_0005.JPG,29_12_DEG_0006.JPG,29,12,Pine,DEG,2,2/7/19,5/13/19,2/27/19,Herbivore
1941,37162426,1,DEERWHITETAILED,29_12_DEG_0007.JPG,29_12_DEG_0008.JPG,29_12_DEG_0009.JPG,29,12,Pine,DEG,2,2/7/19,5/13/19,2/27/19,Herbivore
1942,37162427,1,DEERWHITETAILED,29_12_DEG_0010.JPG,29_12_DEG_0011.JPG,29_12_DEG_0012.JPG,29,12,Pine,DEG,2,2/7/19,5/13/19,2/27/19,Herbivore
1943,37162428,1,DEERWHITETAILED,29_12_DEG_0013.JPG,29_12_DEG_0014.JPG,29_12_DEG_0015.JPG,29,12,Pine,DEG,2,2/7/19,5/13/19,2/27/19,Herbivore
1944,37162429,1,DEERWHITETAILED,29_12_DEG_0016.JPG,29_12_DEG_0017.JPG,29_12_DEG_0018.JPG,29,12,Pine,DEG,2,2/7/19,5/13/19,2/27/19,Herbivore
1945,37162430,1,DEERWHITETAILED,29_12_DEG_0019.JPG,29_12_DEG_0020.JPG,29_12_DEG_0021.JPG,29,12,Pine,DEG,2,2/7/19,5/13/19,2/27/19,Herbivore
1946,37162431,1,DEERWHITETAILED,29_12_DEG_0022.JPG,29_12_DEG_0023.JPG,29_12_DEG_0024.JPG,29,12,Pine,DEG,2,2/7/19,5/13/19,2/27/19,Herbivore
1947,37162432,1,DEERWHITETAILED,29_12_DEG_0025.JPG,29_12_DEG_0026.JPG,29_12_DEG_0027.JPG,29,12,Pine,DEG,2,2/7/19,5/13/19,2/27/19,Herbivore
1948,37162433,1,DEERWHITETAILED,29_12_DEG_0028.JPG,29_12_DEG_0029.JPG,29_12_DEG_0030.JPG,29,12,Pine,DEG,2,2/7/19,5/13/19,2/27/19,Herbivore
1949,37162434,1,DEERWHITETAILED,29_12_DEG_0031.JPG,29_12_DEG_0032.JPG,29_12_DEG_0033.JPG,29,12,Pine,DEG,2,2/7/19,5/13/19,2/27/19,Herbivore
1950,37162435,2,DEERWHITETAILED,29_12_DEG_0034.JPG,29_12_DEG_0035.JPG,29_12_DEG_0036.JPG,29,12,Pine,DEG,2,2/7/19,5/13/19,2/27/19,Herbivore
1951,37162436,1,DEERWHITETAILED,29_12_DEG_0037.JPG,29_12_DEG_0038.JPG,29_12_DEG_0039.JPG,29,12,Pine,DEG,2,2/7/19,5/13/19,2/27/19,Herbivore
1952,37162437,1,DEERWHITETAILED,29_12_DEG_0040.JPG,29_12_DEG_0041.JPG,29_12_DEG_0042.JPG,29,12,Pine,DEG,2,2/7/19,5/13/19,2/27/19,Herbivore
1954,37162439,1,DEERWHITETAILED,29_12_DEG_0046.JPG,29_12_DEG_0047.JPG,29_12_DEG_0048.JPG,29,12,Pine,DEG,2,2/7/19,5/13/19,2/27/19,Herbivore
1956,37162441,1,DEERWHITETAILED,29_12_DEG_0052.JPG,29_12_DEG_0053.JPG,29_12_DEG_0054.JPG,29,12,Pine,DEG,2,2/7/19,5/13/19,2/27/19,Herbivore
1957,37162442,1,DEERWHITETAILED,29_12_DEG_0055.JPG,29_12_DEG_0056.JPG,29_12_DEG_0057.JPG,29,12,Pine,DEG,2,2/7/19,5/13/19,2/27/19,Herbivore
1958,37162443,1,DEERWHITETAILED,29_12_DEG_0058.JPG,29_12_DEG_0059.JPG,29_12_DEG_0060.JPG,29,12,Pine,DEG,2,2/7/19,5/13/19,2/27/19,Herbivore
1959,37162444,1,DEERWHITETAILED,29_12_DEG_0061.JPG,29_12_DEG_0062.JPG,29_12_DEG_0063.JPG,29,12,Pine,DEG,2,2/7/19,5/13/19,2/27/19,Herbivore
1961,31428934,2,DEERWHITETAILED,29_19_DEG_0001.JPG,29_19_DEG_0002.JPG,29_19_DEG_0003.JPG,29,19,Pine,DEG,1,11/26/18,2/7/19,2/1/19,Herbivore
1962,31428935,1,DEERWHITETAILED,29_19_DEG_0004.JPG,29_19_DEG_0005.JPG,29_19_DEG_0006.JPG,29,19,Pine,DEG,1,11/26/18,2/7/19,2/1/19,Herbivore
1964,31428937,2,DEERWHITETAILED,29_19_DEG_0010.JPG,29_19_DEG_0011.JPG,29_19_DEG_0012.JPG,29,19,Pine,DEG,1,11/26/18,2/7/19,2/1/19,Herbivore
1966,31428939,2,DEERWHITETAILED,29_19_DEG_0016.JPG,29_19_DEG_0017.JPG,29_19_DEG_0018.JPG,29,19,Pine,DEG,1,11/26/18,2/7/19,2/1/19,Herbivore
1967,31428940,1,DEERWHITETAILED,29_19_DEG_0019.JPG,29_19_DEG_0020.JPG,NA,29,19,Pine,DEG,1,11/26/18,2/7/19,2/1/19,Herbivore
1968,31428941,1,DEERWHITETAILED,29_19_DEG_0025.JPG,29_19_DEG_0026.JPG,29_19_DEG_0027.JPG,29,19,Pine,DEG,1,11/26/18,2/7/19,2/1/19,Herbivore
1969,31428942,1,DEERWHITETAILED,29_19_DEG_0028.JPG,29_19_DEG_0029.JPG,29_19_DEG_0030.JPG,29,19,Pine,DEG,1,11/26/18,2/7/19,2/1/19,Herbivore
1970,31428943,2,DEERWHITETAILED,29_19_DEG_0031.JPG,29_19_DEG_0032.JPG,29_19_DEG_0033.JPG,29,19,Pine,DEG,1,11/26/18,2/7/19,2/1/19,Herbivore
1971,31428944,1,DEERWHITETAILED,29_19_DEG_0034.JPG,29_19_DEG_0035.JPG,29_19_DEG_0036.JPG,29,19,Pine,DEG,1,11/26/18,2/7/19,2/1/19,Herbivore
1973,31428946,1,DEERWHITETAILED,29_19_DEG_0040.JPG,29_19_DEG_0041.JPG,29_19_DEG_0042.JPG,29,19,Pine,DEG,1,11/26/18,2/7/19,2/1/19,Herbivore
1974,31428947,1,DEERWHITETAILED,29_19_DEG_0043.JPG,29_19_DEG_0044.JPG,29_19_DEG_0045.JPG,29,19,Pine,DEG,1,11/26/18,2/7/19,2/1/19,Herbivore
1976,31428949,1,DEERWHITETAILED,29_19_DEG_0049.JPG,29_19_DEG_0050.JPG,29_19_DEG_0051.JPG,29,19,Pine,DEG,1,11/26/18,2/7/19,2/1/19,Herbivore
1977,31428950,1,DEERWHITETAILED,29_19_DEG_0052.JPG,29_19_DEG_0053.JPG,29_19_DEG_0054.JPG,29,19,Pine,DEG,1,11/26/18,2/7/19,2/1/19,Herbivore
1978,31428951,1,DEERWHITETAILED,29_19_DEG_0055.JPG,29_19_DEG_0056.JPG,NA,29,19,Pine,DEG,1,11/26/18,2/7/19,2/1/19,Herbivore
1979,31428952,1,DEERWHITETAILED,29_19_DEG_0061.JPG,29_19_DEG_0062.JPG,29_19_DEG_0063.JPG,29,19,Pine,DEG,1,11/26/18,2/7/19,2/1/19,Herbivore
1980,31428953,1,DEERWHITETAILED,29_19_DEG_0064.JPG,29_19_DEG_0065.JPG,29_19_DEG_0066.JPG,29,19,Pine,DEG,1,11/26/18,2/7/19,2/1/19,Herbivore
1981,31428954,1,DEERWHITETAILED,29_19_DEG_0067.JPG,29_19_DEG_0068.JPG,29_19_DEG_0069.JPG,29,19,Pine,DEG,1,11/26/18,2/7/19,2/1/19,Herbivore
1982,31428955,1,DEERWHITETAILED,29_19_DEG_0070.JPG,29_19_DEG_0071.JPG,NA,29,19,Pine,DEG,1,11/26/18,2/7/19,2/1/19,Herbivore
1985,31428958,1,DEERWHITETAILED,29_19_DEG_0079.JPG,29_19_DEG_0080.JPG,29_19_DEG_0081.JPG,29,19,Pine,DEG,1,11/26/18,2/7/19,2/1/19,Herbivore
1986,31428959,1,DEERWHITETAILED,29_19_DEG_0082.JPG,29_19_DEG_0083.JPG,29_19_DEG_0084.JPG,29,19,Pine,DEG,1,11/26/18,2/7/19,2/1/19,Herbivore
1987,31428960,1,DEERWHITETAILED,29_19_DEG_0085.JPG,29_19_DEG_0086.JPG,29_19_DEG_0087.JPG,29,19,Pine,DEG,1,11/26/18,2/7/19,2/1/19,Herbivore
1988,31428961,1,DEERWHITETAILED,29_19_DEG_0088.JPG,29_19_DEG_0089.JPG,29_19_DEG_0090.JPG,29,19,Pine,DEG,1,11/26/18,2/7/19,2/1/19,Herbivore
1989,31428962,2,DEERWHITETAILED,29_19_DEG_0091.JPG,29_19_DEG_0092.JPG,29_19_DEG_0093.JPG,29,19,Pine,DEG,1,11/26/18,2/7/19,2/1/19,Herbivore
1990,31428963,1,DEERWHITETAILED,29_19_DEG_0094.JPG,29_19_DEG_0095.JPG,29_19_DEG_0096.JPG,29,19,Pine,DEG,1,11/26/18,2/7/19,2/1/19,Herbivore
1991,31428964,1,DEERWHITETAILED,29_19_DEG_0097.JPG,29_19_DEG_0098.JPG,NA,29,19,Pine,DEG,1,11/26/18,2/7/19,2/1/19,Herbivore
1992,31428965,2,DEERWHITETAILED,29_19_DEG_0103.JPG,29_19_DEG_0104.JPG,29_19_DEG_0105.JPG,29,19,Pine,DEG,1,11/26/18,2/7/19,2/1/19,Herbivore
1993,31428966,1,DEERWHITETAILED,29_19_DEG_0106.JPG,29_19_DEG_0107.JPG,NA,29,19,Pine,DEG,1,11/26/18,2/7/19,2/1/19,Herbivore
1994,31428967,1,DEERWHITETAILED,29_19_DEG_0112.JPG,29_19_DEG_0113.JPG,29_19_DEG_0114.JPG,29,19,Pine,DEG,1,11/26/18,2/7/19,2/1/19,Herbivore
1995,31428968,1,DEERWHITETAILED,29_19_DEG_0115.JPG,29_19_DEG_0116.JPG,29_19_DEG_0117.JPG,29,19,Pine,DEG,1,11/26/18,2/7/19,2/1/19,Herbivore
1996,31428969,1,DEERWHITETAILED,29_19_DEG_0118.JPG,29_19_DEG_0119.JPG,29_19_DEG_0120.JPG,29,19,Pine,DEG,1,11/26/18,2/7/19,2/1/19,Herbivore
1997,31428970,1,DEERWHITETAILED,29_19_DEG_0121.JPG,29_19_DEG_0122.JPG,NA,29,19,Pine,DEG,1,11/26/18,2/7/19,2/1/19,Herbivore
1998,31428971,1,DEERWHITETAILED,29_19_DEG_0127.JPG,29_19_DEG_0128.JPG,29_19_DEG_0129.JPG,29,19,Pine,DEG,1,11/26/18,2/7/19,2/1/19,Herbivore
1999,31428972,1,DEERWHITETAILED,29_19_DEG_0130.JPG,29_19_DEG_0131.JPG,29_19_DEG_0132.JPG,29,19,Pine,DEG,1,11/26/18,2/7/19,2/1/19,Herbivore
2000,31428973,1,DEERWHITETAILED,29_19_DEG_0133.JPG,29_19_DEG_0134.JPG,29_19_DEG_0135.JPG,29,19,Pine,DEG,1,11/26/18,2/7/19,2/1/19,Herbivore
2001,31428974,1,DEERWHITETAILED,29_19_DEG_0136.JPG,29_19_DEG_0137.JPG,29_19_DEG_0138.JPG,29,19,Pine,DEG,1,11/26/18,2/7/19,2/1/19,Herbivore
2002,31428975,1,DEERWHITETAILED,29_19_DEG_0139.JPG,29_19_DEG_0140.JPG,29_19_DEG_0141.JPG,29,19,Pine,DEG,1,11/26/18,2/7/19,2/1/19,Herbivore
2003,31428976,1,DEERWHITETAILED,29_19_DEG_0142.JPG,29_19_DEG_0143.JPG,29_19_DEG_0144.JPG,29,19,Pine,DEG,1,11/26/18,2/7/19,2/1/19,Herbivore
2004,31428977,1,DEERWHITETAILED,29_19_DEG_0145.JPG,29_19_DEG_0146.JPG,29_19_DEG_0147.JPG,29,19,Pine,DEG,1,11/26/18,2/7/19,2/1/19,Herbivore
2005,31428979,1,DEERWHITETAILED,29_19_DEG_0151.JPG,29_19_DEG_0152.JPG,29_19_DEG_0153.JPG,29,19,Pine,DEG,1,11/26/18,2/7/19,2/1/19,Herbivore
2006,31428980,1,DEERWHITETAILED,29_19_DEG_0160.JPG,29_19_DEG_0161.JPG,29_19_DEG_0162.JPG,29,19,Pine,DEG,1,11/26/18,2/7/19,2/1/19,Herbivore
2007,31428981,1,DEERWHITETAILED,29_19_DEG_0163.JPG,29_19_DEG_0164.JPG,29_19_DEG_0165.JPG,29,19,Pine,DEG,1,11/26/18,2/7/19,2/1/19,Herbivore
2008,31428982,1,DEERWHITETAILED,29_19_DEG_0166.JPG,29_19_DEG_0167.JPG,29_19_DEG_0168.JPG,29,19,Pine,DEG,1,11/26/18,2/7/19,2/1/19,Herbivore
2009,31428983,1,DEERWHITETAILED,29_19_DEG_0169.JPG,29_19_DEG_0170.JPG,29_19_DEG_0171.JPG,29,19,Pine,DEG,1,11/26/18,2/7/19,2/1/19,Herbivore
2010,31428984,1,DEERWHITETAILED,29_19_DEG_0172.JPG,29_19_DEG_0173.JPG,29_19_DEG_0174.JPG,29,19,Pine,DEG,1,11/26/18,2/7/19,2/1/19,Herbivore
2011,31428985,1,DEERWHITETAILED,29_19_DEG_0175.JPG,29_19_DEG_0176.JPG,29_19_DEG_0177.JPG,29,19,Pine,DEG,1,11/26/18,2/7/19,2/1/19,Herbivore
2012,31428986,1,DEERWHITETAILED,29_19_DEG_0178.JPG,29_19_DEG_0179.JPG,29_19_DEG_0180.JPG,29,19,Pine,DEG,1,11/26/18,2/7/19,2/1/19,Herbivore
2013,31428987,1,DEERWHITETAILED,29_19_DEG_0181.JPG,29_19_DEG_0182.JPG,29_19_DEG_0183.JPG,29,19,Pine,DEG,1,11/26/18,2/7/19,2/1/19,Herbivore
2014,31428988,1,DEERWHITETAILED,29_19_DEG_0184.JPG,29_19_DEG_0185.JPG,29_19_DEG_0186.JPG,29,19,Pine,DEG,1,11/26/18,2/7/19,2/1/19,Herbivore
2015,31428989,2,DEERWHITETAILED,29_19_DEG_0187.JPG,29_19_DEG_0188.JPG,29_19_DEG_0189.JPG,29,19,Pine,DEG,1,11/26/18,2/7/19,2/1/19,Herbivore
2016,31428990,1,DEERWHITETAILED,29_19_DEG_0190.JPG,29_19_DEG_0191.JPG,NA,29,19,Pine,DEG,1,11/26/18,2/7/19,2/1/19,Herbivore
2017,31428991,2,DEERWHITETAILED,29_19_DEG_0193.JPG,29_19_DEG_0194.JPG,29_19_DEG_0195.JPG,29,19,Pine,DEG,1,11/26/18,2/7/19,2/1/19,Herbivore
2018,31428992,1,DEERWHITETAILED,29_19_DEG_0196.JPG,29_19_DEG_0197.JPG,29_19_DEG_0198.JPG,29,19,Pine,DEG,1,11/26/18,2/7/19,2/1/19,Herbivore
2019,31428993,1,DEERWHITETAILED,29_19_DEG_0199.JPG,29_19_DEG_0200.JPG,29_19_DEG_0201.JPG,29,19,Pine,DEG,1,11/26/18,2/7/19,2/1/19,Herbivore
2020,31428994,1,DEERWHITETAILED,29_19_DEG_0202.JPG,29_19_DEG_0203.JPG,29_19_DEG_0204.JPG,29,19,Pine,DEG,1,11/26/18,2/7/19,2/1/19,Herbivore
2021,31428995,1,DEERWHITETAILED,29_19_DEG_0205.JPG,29_19_DEG_0206.JPG,29_19_DEG_0207.JPG,29,19,Pine,DEG,1,11/26/18,2/7/19,2/1/19,Herbivore
2022,31428996,1,DEERWHITETAILED,29_19_DEG_0208.JPG,29_19_DEG_0209.JPG,29_19_DEG_0210.JPG,29,19,Pine,DEG,1,11/26/18,2/7/19,2/1/19,Herbivore
2023,31428997,1,DEERWHITETAILED,29_19_DEG_0211.JPG,29_19_DEG_0212.JPG,29_19_DEG_0213.JPG,29,19,Pine,DEG,1,11/26/18,2/7/19,2/1/19,Herbivore
2024,31428998,1,DEERWHITETAILED,29_19_DEG_0214.JPG,29_19_DEG_0215.JPG,29_19_DEG_0216.JPG,29,19,Pine,DEG,1,11/26/18,2/7/19,2/1/19,Herbivore
2026,31429000,1,DEERWHITETAILED,29_19_DEG_0220.JPG,29_19_DEG_0221.JPG,29_19_DEG_0222.JPG,29,19,Pine,DEG,1,11/26/18,2/7/19,2/1/19,Herbivore
2027,31429001,1,DEERWHITETAILED,29_19_DEG_0223.JPG,29_19_DEG_0224.JPG,29_19_DEG_0225.JPG,29,19,Pine,DEG,1,11/26/18,2/7/19,2/1/19,Herbivore
2028,31429002,1,DEERWHITETAILED,29_19_DEG_0226.JPG,29_19_DEG_0227.JPG,29_19_DEG_0228.JPG,29,19,Pine,DEG,1,11/26/18,2/7/19,2/1/19,Herbivore
2029,31429003,1,DEERWHITETAILED,29_19_DEG_0229.JPG,29_19_DEG_0230.JPG,29_19_DEG_0231.JPG,29,19,Pine,DEG,1,11/26/18,2/7/19,2/1/19,Herbivore
2030,31429004,2,DEERWHITETAILED,29_19_DEG_0232.JPG,29_19_DEG_0233.JPG,29_19_DEG_0234.JPG,29,19,Pine,DEG,1,11/26/18,2/7/19,2/1/19,Herbivore
2031,31429005,1,DEERWHITETAILED,29_19_DEG_0235.JPG,29_19_DEG_0236.JPG,29_19_DEG_0237.JPG,29,19,Pine,DEG,1,11/26/18,2/7/19,2/1/19,Herbivore
2032,31429006,1,DEERWHITETAILED,29_19_DEG_0238.JPG,29_19_DEG_0239.JPG,29_19_DEG_0240.JPG,29,19,Pine,DEG,1,11/26/18,2/7/19,2/1/19,Herbivore
2033,31429007,1,DEERWHITETAILED,29_19_DEG_0241.JPG,29_19_DEG_0242.JPG,29_19_DEG_0243.JPG,29,19,Pine,DEG,1,11/26/18,2/7/19,2/1/19,Herbivore
2034,31429008,1,DEERWHITETAILED,29_19_DEG_0244.JPG,29_19_DEG_0245.JPG,29_19_DEG_0246.JPG,29,19,Pine,DEG,1,11/26/18,2/7/19,2/1/19,Herbivore
2035,31429009,2,DEERWHITETAILED,29_19_DEG_0247.JPG,29_19_DEG_0248.JPG,29_19_DEG_0249.JPG,29,19,Pine,DEG,1,11/26/18,2/7/19,2/1/19,Herbivore
2036,31429011,1,DEERWHITETAILED,29_19_DEG_0253.JPG,29_19_DEG_0254.JPG,29_19_DEG_0255.JPG,29,19,Pine,DEG,1,11/26/18,2/7/19,2/1/19,Herbivore
2037,31429012,1,DEERWHITETAILED,29_19_DEG_0256.JPG,29_19_DEG_0257.JPG,29_19_DEG_0258.JPG,29,19,Pine,DEG,1,11/26/18,2/7/19,2/1/19,Herbivore
2038,31429013,2,DEERWHITETAILED,29_19_DEG_0259.JPG,29_19_DEG_0260.JPG,29_19_DEG_0261.JPG,29,19,Pine,DEG,1,11/26/18,2/7/19,2/1/19,Herbivore
2039,31429014,1,DEERWHITETAILED,29_19_DEG_0262.JPG,29_19_DEG_0263.JPG,29_19_DEG_0264.JPG,29,19,Pine,DEG,1,11/26/18,2/7/19,2/1/19,Herbivore
2040,31429015,1,DEERWHITETAILED,29_19_DEG_0265.JPG,29_19_DEG_0266.JPG,29_19_DEG_0267.JPG,29,19,Pine,DEG,1,11/26/18,2/7/19,2/1/19,Herbivore
2041,31429017,1,DEERWHITETAILED,29_19_DEG_0271.JPG,29_19_DEG_0272.JPG,29_19_DEG_0273.JPG,29,19,Pine,DEG,1,11/26/18,2/7/19,2/1/19,Herbivore
2042,31429018,1,DEERWHITETAILED,29_19_DEG_0274.JPG,29_19_DEG_0275.JPG,29_19_DEG_0276.JPG,29,19,Pine,DEG,1,11/26/18,2/7/19,2/1/19,Herbivore
2043,31429019,1,DEERWHITETAILED,29_19_DEG_0277.JPG,29_19_DEG_0278.JPG,29_19_DEG_0279.JPG,29,19,Pine,DEG,1,11/26/18,2/7/19,2/1/19,Herbivore
2044,31429020,1,DEERWHITETAILED,29_19_DEG_0280.JPG,29_19_DEG_0281.JPG,29_19_DEG_0282.JPG,29,19,Pine,DEG,1,11/26/18,2/7/19,2/1/19,Herbivore
2045,31429021,1,DEERWHITETAILED,29_19_DEG_0283.JPG,29_19_DEG_0284.JPG,29_19_DEG_0285.JPG,29,19,Pine,DEG,1,11/26/18,2/7/19,2/1/19,Herbivore
2046,31429022,1,DEERWHITETAILED,29_19_DEG_0286.JPG,29_19_DEG_0287.JPG,29_19_DEG_0288.JPG,29,19,Pine,DEG,1,11/26/18,2/7/19,2/1/19,Herbivore
2047,31429023,1,DEERWHITETAILED,29_19_DEG_0289.JPG,29_19_DEG_0290.JPG,29_19_DEG_0291.JPG,29,19,Pine,DEG,1,11/26/18,2/7/19,2/1/19,Herbivore
2048,31429024,2,DEERWHITETAILED,29_19_DEG_0292.JPG,29_19_DEG_0293.JPG,29_19_DEG_0294.JPG,29,19,Pine,DEG,1,11/26/18,2/7/19,2/1/19,Herbivore
2049,31429025,1,DEERWHITETAILED,29_19_DEG_0295.JPG,29_19_DEG_0296.JPG,29_19_DEG_0297.JPG,29,19,Pine,DEG,1,11/26/18,2/7/19,2/1/19,Herbivore
2050,31429026,1,DEERWHITETAILED,29_19_DEG_0298.JPG,29_19_DEG_0299.JPG,29_19_DEG_0300.JPG,29,19,Pine,DEG,1,11/26/18,2/7/19,2/1/19,Herbivore
2051,31429027,1,DEERWHITETAILED,29_19_DEG_0301.JPG,29_19_DEG_0302.JPG,29_19_DEG_0303.JPG,29,19,Pine,DEG,1,11/26/18,2/7/19,2/1/19,Herbivore
2052,31429028,1,DEERWHITETAILED,29_19_DEG_0304.JPG,29_19_DEG_0305.JPG,29_19_DEG_0306.JPG,29,19,Pine,DEG,1,11/26/18,2/7/19,2/1/19,Herbivore
2053,31429029,1,DEERWHITETAILED,29_19_DEG_0307.JPG,29_19_DEG_0308.JPG,29_19_DEG_0309.JPG,29,19,Pine,DEG,1,11/26/18,2/7/19,2/1/19,Herbivore
2054,31429030,1,DEERWHITETAILED,29_19_DEG_0310.JPG,29_19_DEG_0311.JPG,29_19_DEG_0312.JPG,29,19,Pine,DEG,1,11/26/18,2/7/19,2/1/19,Herbivore
2055,31429031,2,DEERWHITETAILED,29_19_DEG_0313.JPG,29_19_DEG_0314.JPG,29_19_DEG_0315.JPG,29,19,Pine,DEG,1,11/26/18,2/7/19,2/1/19,Herbivore
2056,31429032,1,DEERWHITETAILED,29_19_DEG_0316.JPG,29_19_DEG_0317.JPG,29_19_DEG_0318.JPG,29,19,Pine,DEG,1,11/26/18,2/7/19,2/1/19,Herbivore
2057,31429033,1,DEERWHITETAILED,29_19_DEG_0319.JPG,29_19_DEG_0320.JPG,29_19_DEG_0321.JPG,29,19,Pine,DEG,1,11/26/18,2/7/19,2/1/19,Herbivore
2058,31429034,1,DEERWHITETAILED,29_19_DEG_0322.JPG,29_19_DEG_0323.JPG,29_19_DEG_0324.JPG,29,19,Pine,DEG,1,11/26/18,2/7/19,2/1/19,Herbivore
2059,31429036,2,DEERWHITETAILED,29_19_DEG_0328.JPG,29_19_DEG_0329.JPG,29_19_DEG_0330.JPG,29,19,Pine,DEG,1,11/26/18,2/7/19,2/1/19,Herbivore
2060,31429037,1,DEERWHITETAILED,29_19_DEG_0331.JPG,29_19_DEG_0332.JPG,29_19_DEG_0333.JPG,29,19,Pine,DEG,1,11/26/18,2/7/19,2/1/19,Herbivore
2061,31429038,1,DEERWHITETAILED,29_19_DEG_0334.JPG,29_19_DEG_0335.JPG,29_19_DEG_0336.JPG,29,19,Pine,DEG,1,11/26/18,2/7/19,2/1/19,Herbivore
2062,31429039,1,DEERWHITETAILED,29_19_DEG_0337.JPG,29_19_DEG_0338.JPG,29_19_DEG_0339.JPG,29,19,Pine,DEG,1,11/26/18,2/7/19,2/1/19,Herbivore
2063,31429040,1,DEERWHITETAILED,29_19_DEG_0340.JPG,29_19_DEG_0341.JPG,29_19_DEG_0342.JPG,29,19,Pine,DEG,1,11/26/18,2/7/19,2/1/19,Herbivore
2064,31429041,2,DEERWHITETAILED,29_19_DEG_0343.JPG,29_19_DEG_0344.JPG,29_19_DEG_0345.JPG,29,19,Pine,DEG,1,11/26/18,2/7/19,2/1/19,Herbivore
2065,31429043,1,DEERWHITETAILED,29_19_DEG_0349.JPG,29_19_DEG_0350.JPG,29_19_DEG_0351.JPG,29,19,Pine,DEG,1,11/26/18,2/7/19,2/1/19,Herbivore
2066,31429044,1,DEERWHITETAILED,29_19_DEG_0352.JPG,29_19_DEG_0353.JPG,29_19_DEG_0354.JPG,29,19,Pine,DEG,1,11/26/18,2/7/19,2/1/19,Herbivore
2067,31429046,1,DEERWHITETAILED,29_19_DEG_0358.JPG,29_19_DEG_0359.JPG,29_19_DEG_0360.JPG,29,19,Pine,DEG,1,11/26/18,2/7/19,2/1/19,Herbivore
2068,31429047,1,DEERWHITETAILED,29_19_DEG_0361.JPG,29_19_DEG_0362.JPG,29_19_DEG_0363.JPG,29,19,Pine,DEG,1,11/26/18,2/7/19,2/1/19,Herbivore
2069,31429049,1,DEERWHITETAILED,29_19_DEG_0367.JPG,29_19_DEG_0368.JPG,29_19_DEG_0369.JPG,29,19,Pine,DEG,1,11/26/18,2/7/19,2/1/19,Herbivore
2070,31429050,1,DEERWHITETAILED,29_19_DEG_0370.JPG,29_19_DEG_0371.JPG,29_19_DEG_0372.JPG,29,19,Pine,DEG,1,11/26/18,2/7/19,2/1/19,Herbivore
2071,31429051,1,DEERWHITETAILED,29_19_DEG_0373.JPG,29_19_DEG_0374.JPG,29_19_DEG_0375.JPG,29,19,Pine,DEG,1,11/26/18,2/7/19,2/1/19,Herbivore
2072,31429052,2,DEERWHITETAILED,29_19_DEG_0376.JPG,29_19_DEG_0377.JPG,29_19_DEG_0378.JPG,29,19,Pine,DEG,1,11/26/18,2/7/19,2/1/19,Herbivore
2073,31429053,1,DEERWHITETAILED,29_19_DEG_0379.JPG,29_19_DEG_0380.JPG,29_19_DEG_0381.JPG,29,19,Pine,DEG,1,11/26/18,2/7/19,2/1/19,Herbivore
2074,31429054,1,DEERWHITETAILED,29_19_DEG_0382.JPG,29_19_DEG_0383.JPG,29_19_DEG_0384.JPG,29,19,Pine,DEG,1,11/26/18,2/7/19,2/1/19,Herbivore
2075,31429055,1,DEERWHITETAILED,29_19_DEG_0385.JPG,29_19_DEG_0386.JPG,29_19_DEG_0387.JPG,29,19,Pine,DEG,1,11/26/18,2/7/19,2/1/19,Herbivore
2076,31429056,2,DEERWHITETAILED,29_19_DEG_0388.JPG,29_19_DEG_0389.JPG,29_19_DEG_0390.JPG,29,19,Pine,DEG,1,11/26/18,2/7/19,2/1/19,Herbivore
2077,31429057,1,DEERWHITETAILED,29_19_DEG_0391.JPG,29_19_DEG_0392.JPG,29_19_DEG_0393.JPG,29,19,Pine,DEG,1,11/26/18,2/7/19,2/1/19,Herbivore
2078,31429058,1,DEERWHITETAILED,29_19_DEG_0394.JPG,29_19_DEG_0395.JPG,29_19_DEG_0396.JPG,29,19,Pine,DEG,1,11/26/18,2/7/19,2/1/19,Herbivore
2079,31429059,1,DEERWHITETAILED,29_19_DEG_0397.JPG,29_19_DEG_0398.JPG,29_19_DEG_0399.JPG,29,19,Pine,DEG,1,11/26/18,2/7/19,2/1/19,Herbivore
2080,31429060,1,DEERWHITETAILED,29_19_DEG_0400.JPG,29_19_DEG_0401.JPG,29_19_DEG_0402.JPG,29,19,Pine,DEG,1,11/26/18,2/7/19,2/1/19,Herbivore
2081,31429061,1,DEERWHITETAILED,29_19_DEG_0403.JPG,29_19_DEG_0404.JPG,29_19_DEG_0405.JPG,29,19,Pine,DEG,1,11/26/18,2/7/19,2/1/19,Herbivore
2082,31429062,1,DEERWHITETAILED,29_19_DEG_0406.JPG,29_19_DEG_0407.JPG,29_19_DEG_0408.JPG,29,19,Pine,DEG,1,11/26/18,2/7/19,2/1/19,Herbivore
2083,31429063,2,DEERWHITETAILED,29_19_DEG_0409.JPG,29_19_DEG_0410.JPG,29_19_DEG_0411.JPG,29,19,Pine,DEG,1,11/26/18,2/7/19,2/1/19,Herbivore
2084,31429064,1,DEERWHITETAILED,29_19_DEG_0412.JPG,29_19_DEG_0413.JPG,29_19_DEG_0414.JPG,29,19,Pine,DEG,1,11/26/18,2/7/19,2/1/19,Herbivore
2085,31429065,1,DEERWHITETAILED,29_19_DEG_0415.JPG,29_19_DEG_0416.JPG,29_19_DEG_0417.JPG,29,19,Pine,DEG,1,11/26/18,2/7/19,2/1/19,Herbivore
2088,31429068,1,DEERWHITETAILED,29_19_DEG_0424.JPG,29_19_DEG_0425.JPG,29_19_DEG_0426.JPG,29,19,Pine,DEG,1,11/26/18,2/7/19,2/1/19,Herbivore
2090,31429073,1,DEERWHITETAILED,29_19_DEG_0439.JPG,29_19_DEG_0440.JPG,29_19_DEG_0441.JPG,29,19,Pine,DEG,1,11/26/18,2/7/19,2/1/19,Herbivore
2093,31429077,1,DEERWHITETAILED,29_19_DEG_0451.JPG,29_19_DEG_0452.JPG,29_19_DEG_0453.JPG,29,19,Pine,DEG,1,11/26/18,2/7/19,2/1/19,Herbivore
2094,31429078,1,DEERWHITETAILED,29_19_DEG_0454.JPG,29_19_DEG_0455.JPG,29_19_DEG_0456.JPG,29,19,Pine,DEG,1,11/26/18,2/7/19,2/1/19,Herbivore
2095,31429079,2,DEERWHITETAILED,29_19_DEG_0457.JPG,29_19_DEG_0458.JPG,29_19_DEG_0459.JPG,29,19,Pine,DEG,1,11/26/18,2/7/19,2/1/19,Herbivore
2096,31429082,1,DEERWHITETAILED,29_19_DEG_0466.JPG,29_19_DEG_0467.JPG,29_19_DEG_0468.JPG,29,19,Pine,DEG,1,11/26/18,2/7/19,2/1/19,Herbivore
2097,31429083,1,DEERWHITETAILED,29_19_DEG_0469.JPG,29_19_DEG_0470.JPG,29_19_DEG_0471.JPG,29,19,Pine,DEG,1,11/26/18,2/7/19,2/1/19,Herbivore
2098,31429084,1,DEERWHITETAILED,29_19_DEG_0472.JPG,29_19_DEG_0473.JPG,NA,29,19,Pine,DEG,1,11/26/18,2/7/19,2/1/19,Herbivore
2099,31429085,1,DEERWHITETAILED,29_19_DEG_0475.JPG,29_19_DEG_0476.JPG,29_19_DEG_0477.JPG,29,19,Pine,DEG,1,11/26/18,2/7/19,2/1/19,Herbivore
2100,31429086,1,DEERWHITETAILED,29_19_DEG_0478.JPG,29_19_DEG_0479.JPG,29_19_DEG_0480.JPG,29,19,Pine,DEG,1,11/26/18,2/7/19,2/1/19,Herbivore
2101,31429087,1,DEERWHITETAILED,29_19_DEG_0481.JPG,29_19_DEG_0482.JPG,29_19_DEG_0483.JPG,29,19,Pine,DEG,1,11/26/18,2/7/19,2/1/19,Herbivore
2102,31429088,1,DEERWHITETAILED,29_19_DEG_0484.JPG,29_19_DEG_0485.JPG,29_19_DEG_0486.JPG,29,19,Pine,DEG,1,11/26/18,2/7/19,2/1/19,Herbivore
2103,31429089,1,DEERWHITETAILED,29_19_DEG_0487.JPG,29_19_DEG_0488.JPG,29_19_DEG_0489.JPG,29,19,Pine,DEG,1,11/26/18,2/7/19,2/1/19,Herbivore
2104,31429090,1,DEERWHITETAILED,29_19_DEG_0490.JPG,29_19_DEG_0491.JPG,29_19_DEG_0492.JPG,29,19,Pine,DEG,1,11/26/18,2/7/19,2/1/19,Herbivore
2105,31429091,1,DEERWHITETAILED,29_19_DEG_0493.JPG,29_19_DEG_0494.JPG,29_19_DEG_0495.JPG,29,19,Pine,DEG,1,11/26/18,2/7/19,2/1/19,Herbivore
2106,31429092,1,DEERWHITETAILED,29_19_DEG_0496.JPG,29_19_DEG_0497.JPG,29_19_DEG_0498.JPG,29,19,Pine,DEG,1,11/26/18,2/7/19,2/1/19,Herbivore
2107,31429093,1,DEERWHITETAILED,29_19_DEG_0499.JPG,29_19_DEG_0500.JPG,29_19_DEG_0501.JPG,29,19,Pine,DEG,1,11/26/18,2/7/19,2/1/19,Herbivore
2108,31429094,1,DEERWHITETAILED,29_19_DEG_0502.JPG,29_19_DEG_0503.JPG,29_19_DEG_0504.JPG,29,19,Pine,DEG,1,11/26/18,2/7/19,2/1/19,Herbivore
2109,31429095,1,DEERWHITETAILED,29_19_DEG_0505.JPG,29_19_DEG_0506.JPG,29_19_DEG_0507.JPG,29,19,Pine,DEG,1,11/26/18,2/7/19,2/1/19,Herbivore
2110,31429096,1,DEERWHITETAILED,29_19_DEG_0508.JPG,29_19_DEG_0509.JPG,29_19_DEG_0510.JPG,29,19,Pine,DEG,1,11/26/18,2/7/19,2/1/19,Herbivore
2111,31429097,1,DEERWHITETAILED,29_19_DEG_0511.JPG,29_19_DEG_0512.JPG,29_19_DEG_0513.JPG,29,19,Pine,DEG,1,11/26/18,2/7/19,2/1/19,Herbivore
2112,31429098,1,DEERWHITETAILED,29_19_DEG_0514.JPG,29_19_DEG_0515.JPG,29_19_DEG_0516.JPG,29,19,Pine,DEG,1,11/26/18,2/7/19,2/1/19,Herbivore
2113,31429099,1,DEERWHITETAILED,29_19_DEG_0517.JPG,29_19_DEG_0518.JPG,29_19_DEG_0519.JPG,29,19,Pine,DEG,1,11/26/18,2/7/19,2/1/19,Herbivore
2114,31429100,1,DEERWHITETAILED,29_19_DEG_0520.JPG,29_19_DEG_0521.JPG,29_19_DEG_0522.JPG,29,19,Pine,DEG,1,11/26/18,2/7/19,2/1/19,Herbivore
2115,31429101,1,DEERWHITETAILED,29_19_DEG_0523.JPG,29_19_DEG_0524.JPG,29_19_DEG_0525.JPG,29,19,Pine,DEG,1,11/26/18,2/7/19,2/1/19,Herbivore
2116,31429102,1,DEERWHITETAILED,29_19_DEG_0526.JPG,29_19_DEG_0527.JPG,29_19_DEG_0528.JPG,29,19,Pine,DEG,1,11/26/18,2/7/19,2/1/19,Herbivore
2117,31429103,1,DEERWHITETAILED,29_19_DEG_0529.JPG,29_19_DEG_0530.JPG,29_19_DEG_0531.JPG,29,19,Pine,DEG,1,11/26/18,2/7/19,2/1/19,Herbivore
2118,31429104,2,DEERWHITETAILED,29_19_DEG_0532.JPG,29_19_DEG_0533.JPG,29_19_DEG_0534.JPG,29,19,Pine,DEG,1,11/26/18,2/7/19,2/1/19,Herbivore
2119,31429105,1,DEERWHITETAILED,29_19_DEG_0535.JPG,29_19_DEG_0536.JPG,29_19_DEG_0537.JPG,29,19,Pine,DEG,1,11/26/18,2/7/19,2/1/19,Herbivore
2120,31429106,1,DEERWHITETAILED,29_19_DEG_0538.JPG,29_19_DEG_0539.JPG,29_19_DEG_0540.JPG,29,19,Pine,DEG,1,11/26/18,2/7/19,2/1/19,Herbivore
2121,39638585,1,DEERWHITETAILED,30_17_DON_0001.JPG,30_17_DON_0002.JPG,30_17_DON_0003.JPG,30,17,Deciduous,DON,4,9/17/19,11/15/19,11/15/19,Herbivore
2122,39638595,1,DEERWHITETAILED,30_17_DON_0004.JPG,30_17_DON_0005.JPG,30_17_DON_0006.JPG,30,17,Deciduous,DON,4,9/17/19,11/15/19,11/15/19,Herbivore
2123,39638598,1,DEERWHITETAILED,30_17_DON_0007.JPG,30_17_DON_0008.JPG,30_17_DON_0009.JPG,30,17,Deciduous,DON,4,9/17/19,11/15/19,11/15/19,Herbivore
2124,39638608,1,DEERWHITETAILED,30_17_DON_0016.JPG,30_17_DON_0017.JPG,30_17_DON_0018.JPG,30,17,Deciduous,DON,4,9/17/19,11/15/19,11/15/19,Herbivore
2126,39638617,1,DEERWHITETAILED,30_17_DON_0025.JPG,30_17_DON_0026.JPG,30_17_DON_0027.JPG,30,17,Deciduous,DON,4,9/17/19,11/15/19,11/15/19,Herbivore
2127,39638676,1,DEERWHITETAILED,30_17_DON_0037.JPG,30_17_DON_0038.JPG,30_17_DON_0039.JPG,30,17,Deciduous,DON,4,9/17/19,11/15/19,11/15/19,Herbivore
2128,39638693,1,DEERWHITETAILED,30_17_DON_0049.JPG,30_17_DON_0050.JPG,30_17_DON_0051.JPG,30,17,Deciduous,DON,4,9/17/19,11/15/19,11/15/19,Herbivore
2129,39638961,1,DEERWHITETAILED,30_17_DON_0100.JPG,30_17_DON_0101.JPG,30_17_DON_0102.JPG,30,17,Deciduous,DON,4,9/17/19,11/15/19,11/15/19,Herbivore
2133,39639799,1,DEERWHITETAILED,30_17_DON_0181.JPG,30_17_DON_0182.JPG,30_17_DON_0183.JPG,30,17,Deciduous,DON,4,9/17/19,11/15/19,11/15/19,Herbivore
2142,37162454,1,DEERWHITETAILED,30_22_BC_0025.JPG,30_22_BC_0026.JPG,30_22_BC_0027.JPG,30,22,Deciduous,BC,2,3/4/19,5/11/19,5/11/19,Herbivore
2148,37162460,1,DEERWHITETAILED,30_22_BC_0043.JPG,30_22_BC_0044.JPG,30_22_BC_0045.JPG,30,22,Deciduous,BC,2,3/4/19,5/11/19,5/11/19,Herbivore
2149,37162461,1,DEERWHITETAILED,30_22_BC_0046.JPG,30_22_BC_0047.JPG,30_22_BC_0048.JPG,30,22,Deciduous,BC,2,3/4/19,5/11/19,5/11/19,Herbivore
2150,37162463,1,DEERWHITETAILED,30_22_BC_0052.JPG,30_22_BC_0053.JPG,30_22_BC_0054.JPG,30,22,Deciduous,BC,2,3/4/19,5/11/19,5/11/19,Herbivore
2151,37162464,1,DEERWHITETAILED,30_22_BC_0055.JPG,30_22_BC_0056.JPG,30_22_BC_0057.JPG,30,22,Deciduous,BC,2,3/4/19,5/11/19,5/11/19,Herbivore
2152,37162465,1,DEERWHITETAILED,30_22_BC_0058.JPG,30_22_BC_0059.JPG,30_22_BC_0060.JPG,30,22,Deciduous,BC,2,3/4/19,5/11/19,5/11/19,Herbivore
2153,37162466,1,DEERWHITETAILED,30_22_BC_0061.JPG,30_22_BC_0062.JPG,30_22_BC_0063.JPG,30,22,Deciduous,BC,2,3/4/19,5/11/19,5/11/19,Herbivore
2154,37162467,1,DEERWHITETAILED,30_22_BC_0064.JPG,30_22_BC_0065.JPG,30_22_BC_0066.JPG,30,22,Deciduous,BC,2,3/4/19,5/11/19,5/11/19,Herbivore
2155,37162468,1,DEERWHITETAILED,30_22_BC_0067.JPG,30_22_BC_0068.JPG,30_22_BC_0069.JPG,30,22,Deciduous,BC,2,3/4/19,5/11/19,5/11/19,Herbivore
2156,37162469,1,DEERWHITETAILED,30_22_BC_0070.JPG,30_22_BC_0071.JPG,30_22_BC_0072.JPG,30,22,Deciduous,BC,2,3/4/19,5/11/19,5/11/19,Herbivore
2157,37162470,2,DEERWHITETAILED,30_22_BC_0073.JPG,30_22_BC_0074.JPG,30_22_BC_0075.JPG,30,22,Deciduous,BC,2,3/4/19,5/11/19,5/11/19,Herbivore
2158,37162476,1,DEERWHITETAILED,30_22_BC_0100.JPG,30_22_BC_0101.JPG,30_22_BC_0102.JPG,30,22,Deciduous,BC,2,3/4/19,5/11/19,5/11/19,Herbivore
2159,37162477,1,DEERWHITETAILED,30_22_BC_0103.JPG,30_22_BC_0104.JPG,30_22_BC_0105.JPG,30,22,Deciduous,BC,2,3/4/19,5/11/19,5/11/19,Herbivore
2160,37162478,1,DEERWHITETAILED,30_22_BC_0106.JPG,30_22_BC_0107.JPG,30_22_BC_0108.JPG,30,22,Deciduous,BC,2,3/4/19,5/11/19,5/11/19,Herbivore
2161,37162488,1,DEERWHITETAILED,30_22_BC_0166.JPG,30_22_BC_0167.JPG,30_22_BC_0168.JPG,30,22,Deciduous,BC,2,3/4/19,5/11/19,5/11/19,Herbivore
2162,37162489,1,DEERWHITETAILED,30_22_BC_0169.JPG,30_22_BC_0170.JPG,30_22_BC_0171.JPG,30,22,Deciduous,BC,2,3/4/19,5/11/19,5/11/19,Herbivore
2163,37162490,1,DEERWHITETAILED,30_22_BC_0172.JPG,30_22_BC_0173.JPG,30_22_BC_0174.JPG,30,22,Deciduous,BC,2,3/4/19,5/11/19,5/11/19,Herbivore
2164,37162492,1,DEERWHITETAILED,30_22_BC_0178.JPG,30_22_BC_0179.JPG,30_22_BC_0180.JPG,30,22,Deciduous,BC,2,3/4/19,5/11/19,5/11/19,Herbivore
2165,37162493,1,DEERWHITETAILED,30_22_BC_0181.JPG,30_22_BC_0182.JPG,30_22_BC_0183.JPG,30,22,Deciduous,BC,2,3/4/19,5/11/19,5/11/19,Herbivore
2166,37162494,1,DEERWHITETAILED,30_22_BC_0184.JPG,30_22_BC_0185.JPG,30_22_BC_0186.JPG,30,22,Deciduous,BC,2,3/4/19,5/11/19,5/11/19,Herbivore
2167,37162495,1,DEERWHITETAILED,30_22_BC_0187.JPG,30_22_BC_0188.JPG,30_22_BC_0189.JPG,30,22,Deciduous,BC,2,3/4/19,5/11/19,5/11/19,Herbivore
2168,37162496,1,DEERWHITETAILED,30_22_BC_0190.JPG,30_22_BC_0191.JPG,30_22_BC_0192.JPG,30,22,Deciduous,BC,2,3/4/19,5/11/19,5/11/19,Herbivore
2169,37162497,1,DEERWHITETAILED,30_22_BC_0193.JPG,30_22_BC_0194.JPG,30_22_BC_0195.JPG,30,22,Deciduous,BC,2,3/4/19,5/11/19,5/11/19,Herbivore
2170,37162498,1,DEERWHITETAILED,30_22_BC_0196.JPG,30_22_BC_0197.JPG,30_22_BC_0198.JPG,30,22,Deciduous,BC,2,3/4/19,5/11/19,5/11/19,Herbivore
2171,37162499,1,DEERWHITETAILED,30_22_BC_0199.JPG,30_22_BC_0200.JPG,30_22_BC_0201.JPG,30,22,Deciduous,BC,2,3/4/19,5/11/19,5/11/19,Herbivore
2173,37162501,1,DEERWHITETAILED,30_22_BC_0205.JPG,30_22_BC_0206.JPG,30_22_BC_0207.JPG,30,22,Deciduous,BC,2,3/4/19,5/11/19,5/11/19,Herbivore
2178,37162523,1,DEERWHITETAILED,30_22_BC_0340.JPG,30_22_BC_0341.JPG,30_22_BC_0342.JPG,30,22,Deciduous,BC,2,3/4/19,5/11/19,5/11/19,Herbivore
2179,37162524,1,DEERWHITETAILED,30_22_BC_0343.JPG,30_22_BC_0344.JPG,30_22_BC_0345.JPG,30,22,Deciduous,BC,2,3/4/19,5/11/19,5/11/19,Herbivore
2180,37162525,1,DEERWHITETAILED,30_22_BC_0346.JPG,30_22_BC_0347.JPG,30_22_BC_0348.JPG,30,22,Deciduous,BC,2,3/4/19,5/11/19,5/11/19,Herbivore
2181,37162526,1,DEERWHITETAILED,30_22_BC_0349.JPG,30_22_BC_0350.JPG,30_22_BC_0351.JPG,30,22,Deciduous,BC,2,3/4/19,5/11/19,5/11/19,Herbivore
2182,37162527,1,DEERWHITETAILED,30_22_BC_0352.JPG,30_22_BC_0353.JPG,30_22_BC_0354.JPG,30,22,Deciduous,BC,2,3/4/19,5/11/19,5/11/19,Herbivore
2186,37162535,1,DEERWHITETAILED,30_22_BC_0382.JPG,30_22_BC_0383.JPG,30_22_BC_0384.JPG,30,22,Deciduous,BC,2,3/4/19,5/11/19,5/11/19,Herbivore
2187,37162536,1,DEERWHITETAILED,30_22_BC_0385.JPG,30_22_BC_0386.JPG,30_22_BC_0387.JPG,30,22,Deciduous,BC,2,3/4/19,5/11/19,5/11/19,Herbivore
2188,37162537,1,DEERWHITETAILED,30_22_BC_0388.JPG,30_22_BC_0389.JPG,NA,30,22,Deciduous,BC,2,3/4/19,5/11/19,5/11/19,Herbivore
2189,37162538,1,DEERWHITETAILED,30_22_BC_0391.JPG,30_22_BC_0392.JPG,30_22_BC_0393.JPG,30,22,Deciduous,BC,2,3/4/19,5/11/19,5/11/19,Herbivore
2190,37162539,2,DEERWHITETAILED,30_22_BC_0394.JPG,30_22_BC_0395.JPG,30_22_BC_0396.JPG,30,22,Deciduous,BC,2,3/4/19,5/11/19,5/11/19,Herbivore
2191,37162540,1,DEERWHITETAILED,30_22_BC_0397.JPG,30_22_BC_0398.JPG,30_22_BC_0399.JPG,30,22,Deciduous,BC,2,3/4/19,5/11/19,5/11/19,Herbivore
2193,37162542,1,DEERWHITETAILED,30_22_BC_0403.JPG,30_22_BC_0404.JPG,30_22_BC_0405.JPG,30,22,Deciduous,BC,2,3/4/19,5/11/19,5/11/19,Herbivore
2197,37162549,1,DEERWHITETAILED,30_22_BC_0439.JPG,30_22_BC_0440.JPG,30_22_BC_0441.JPG,30,22,Deciduous,BC,2,3/4/19,5/11/19,5/11/19,Herbivore
2206,37818662,1,DEERWHITETAILED,31_03_WHIP_0001.JPG,31_03_WHIP_0002.JPG,31_03_WHIP_0003.JPG,31,3,Pine,WHIP,3,5/13/19,9/4/19,6/9/19,Herbivore
2207,37818663,1,DEERWHITETAILED,31_03_WHIP_0004.JPG,31_03_WHIP_0005.JPG,31_03_WHIP_0006.JPG,31,3,Pine,WHIP,3,5/13/19,9/4/19,6/9/19,Herbivore
2208,37818665,1,DEERWHITETAILED,31_03_WHIP_0007.JPG,31_03_WHIP_0008.JPG,31_03_WHIP_0009.JPG,31,3,Pine,WHIP,3,5/13/19,9/4/19,6/9/19,Herbivore
2209,37818931,1,DEERWHITETAILED,31_03_WHIP_0094.JPG,31_03_WHIP_0095.JPG,31_03_WHIP_0096.JPG,31,3,Pine,WHIP,3,5/13/19,9/4/19,6/9/19,Herbivore
2210,37818932,1,DEERWHITETAILED,31_03_WHIP_0097.JPG,31_03_WHIP_0098.JPG,31_03_WHIP_0099.JPG,31,3,Pine,WHIP,3,5/13/19,9/4/19,6/9/19,Herbivore
2211,37818933,1,DEERWHITETAILED,31_03_WHIP_0100.JPG,31_03_WHIP_0101.JPG,31_03_WHIP_0102.JPG,31,3,Pine,WHIP,3,5/13/19,9/4/19,6/9/19,Herbivore
2212,37819014,1,DEERWHITETAILED,31_03_WHIP_0136.JPG,31_03_WHIP_0137.JPG,31_03_WHIP_0138.JPG,31,3,Pine,WHIP,3,5/13/19,9/4/19,6/9/19,Herbivore
2213,37819015,1,DEERWHITETAILED,31_03_WHIP_0139.JPG,31_03_WHIP_0140.JPG,31_03_WHIP_0141.JPG,31,3,Pine,WHIP,3,5/13/19,9/4/19,6/9/19,Herbivore
2214,37820249,1,DEERWHITETAILED,31_03_WHIP_0175.JPG,31_03_WHIP_0176.JPG,31_03_WHIP_0177.JPG,31,3,Pine,WHIP,3,5/13/19,9/4/19,6/9/19,Herbivore
2215,37820253,1,DEERWHITETAILED,31_03_WHIP_0181.JPG,31_03_WHIP_0182.JPG,31_03_WHIP_0183.JPG,31,3,Pine,WHIP,3,5/13/19,9/4/19,6/9/19,Herbivore
2221,37820648,1,DEERWHITETAILED,31_03_WHIP_0310.JPG,31_03_WHIP_0311.JPG,31_03_WHIP_0312.JPG,31,3,Pine,WHIP,3,5/13/19,9/4/19,6/9/19,Herbivore
2223,31429114,1,DEERWHITETAILED,31_06_WHIP_0028.JPG,31_06_WHIP_0029.JPG,31_06_WHIP_0030.JPG,31,6,Pine,WHIP,1,12/19/18,1/24/19,1/24/19,Herbivore
2224,31429115,2,DEERWHITETAILED,31_06_WHIP_0031.JPG,31_06_WHIP_0032.JPG,31_06_WHIP_0033.JPG,31,6,Pine,WHIP,1,12/19/18,1/24/19,1/24/19,Herbivore
2225,31429116,2,DEERWHITETAILED,31_06_WHIP_0034.JPG,31_06_WHIP_0035.JPG,31_06_WHIP_0036.JPG,31,6,Pine,WHIP,1,12/19/18,1/24/19,1/24/19,Herbivore
2228,31429120,1,DEERWHITETAILED,31_06_WHIP_0046.JPG,31_06_WHIP_0047.JPG,31_06_WHIP_0048.JPG,31,6,Pine,WHIP,1,12/19/18,1/24/19,1/24/19,Herbivore
2239,39638669,1,DEERWHITETAILED,31_15_WHIP_0013.JPG,31_15_WHIP_0014.JPG,31_15_WHIP_0015.JPG,31,15,Pine,WHIP,4,9/27/19,11/1/19,11/10/19,Herbivore
2240,39638673,2,DEERWHITETAILED,31_15_WHIP_0019.JPG,31_15_WHIP_0020.JPG,31_15_WHIP_0021.JPG,31,15,Pine,WHIP,4,9/27/19,11/1/19,11/10/19,Herbivore
2241,39638681,1,DEERWHITETAILED,31_15_WHIP_0022.JPG,31_15_WHIP_0023.JPG,31_15_WHIP_0024.JPG,31,15,Pine,WHIP,4,9/27/19,11/1/19,11/10/19,Herbivore
2242,39638682,1,DEERWHITETAILED,31_15_WHIP_0025.JPG,31_15_WHIP_0026.JPG,31_15_WHIP_0027.JPG,31,15,Pine,WHIP,4,9/27/19,11/1/19,11/10/19,Herbivore
2243,39638683,1,DEERWHITETAILED,31_15_WHIP_0028.JPG,31_15_WHIP_0029.JPG,31_15_WHIP_0030.JPG,31,15,Pine,WHIP,4,9/27/19,11/1/19,11/10/19,Herbivore
2244,39638719,1,DEERWHITETAILED,31_15_WHIP_0031.JPG,31_15_WHIP_0032.JPG,31_15_WHIP_0033.JPG,31,15,Pine,WHIP,4,9/27/19,11/1/19,11/10/19,Herbivore
2245,39638744,1,DEERWHITETAILED,31_15_WHIP_0034.JPG,31_15_WHIP_0035.JPG,31_15_WHIP_0036.JPG,31,15,Pine,WHIP,4,9/27/19,11/1/19,11/10/19,Herbivore
2248,39638775,1,DEERWHITETAILED,31_15_WHIP_0067.JPG,31_15_WHIP_0068.JPG,31_15_WHIP_0069.JPG,31,15,Pine,WHIP,4,9/27/19,11/1/19,11/10/19,Herbivore
2249,39638776,1,DEERWHITETAILED,31_15_WHIP_0070.JPG,31_15_WHIP_0071.JPG,31_15_WHIP_0072.JPG,31,15,Pine,WHIP,4,9/27/19,11/1/19,11/10/19,Herbivore
2251,39638782,2,DEERWHITETAILED,31_15_WHIP_0076.JPG,31_15_WHIP_0077.JPG,31_15_WHIP_0078.JPG,31,15,Pine,WHIP,4,9/27/19,11/1/19,11/10/19,Herbivore
2252,39638783,1,DEERWHITETAILED,31_15_WHIP_0079.JPG,31_15_WHIP_0080.JPG,31_15_WHIP_0081.JPG,31,15,Pine,WHIP,4,9/27/19,11/1/19,11/10/19,Herbivore
2253,39638786,1,DEERWHITETAILED,31_15_WHIP_0082.JPG,31_15_WHIP_0083.JPG,31_15_WHIP_0084.JPG,31,15,Pine,WHIP,4,9/27/19,11/1/19,11/10/19,Herbivore
2255,39638809,1,DEERWHITETAILED,31_15_WHIP_0091.JPG,31_15_WHIP_0092.JPG,31_15_WHIP_0093.JPG,31,15,Pine,WHIP,4,9/27/19,11/1/19,11/10/19,Herbivore
2256,39638810,1,DEERWHITETAILED,31_15_WHIP_0094.JPG,31_15_WHIP_0095.JPG,31_15_WHIP_0096.JPG,31,15,Pine,WHIP,4,9/27/19,11/1/19,11/10/19,Herbivore
2257,39638814,1,DEERWHITETAILED,31_15_WHIP_0097.JPG,31_15_WHIP_0098.JPG,31_15_WHIP_0099.JPG,31,15,Pine,WHIP,4,9/27/19,11/1/19,11/10/19,Herbivore
2258,39638815,1,DEERWHITETAILED,31_15_WHIP_0100.JPG,31_15_WHIP_0101.JPG,31_15_WHIP_0102.JPG,31,15,Pine,WHIP,4,9/27/19,11/1/19,11/10/19,Herbivore
2259,39638818,1,DEERWHITETAILED,31_15_WHIP_0103.JPG,31_15_WHIP_0104.JPG,31_15_WHIP_0105.JPG,31,15,Pine,WHIP,4,9/27/19,11/1/19,11/10/19,Herbivore
2260,39638819,1,DEERWHITETAILED,31_15_WHIP_0106.JPG,31_15_WHIP_0107.JPG,31_15_WHIP_0108.JPG,31,15,Pine,WHIP,4,9/27/19,11/1/19,11/10/19,Herbivore
2262,39638839,1,DEERWHITETAILED,31_15_WHIP_0112.JPG,31_15_WHIP_0113.JPG,31_15_WHIP_0114.JPG,31,15,Pine,WHIP,4,9/27/19,11/1/19,11/10/19,Herbivore
2263,39638840,1,DEERWHITETAILED,31_15_WHIP_0115.JPG,31_15_WHIP_0116.JPG,31_15_WHIP_0117.JPG,31,15,Pine,WHIP,4,9/27/19,11/1/19,11/10/19,Herbivore
2264,39638841,1,DEERWHITETAILED,31_15_WHIP_0118.JPG,31_15_WHIP_0119.JPG,31_15_WHIP_0120.JPG,31,15,Pine,WHIP,4,9/27/19,11/1/19,11/10/19,Herbivore
2265,39638842,1,DEERWHITETAILED,31_15_WHIP_0121.JPG,31_15_WHIP_0122.JPG,31_15_WHIP_0123.JPG,31,15,Pine,WHIP,4,9/27/19,11/1/19,11/10/19,Herbivore
2266,39638846,2,DEERWHITETAILED,31_15_WHIP_0124.JPG,31_15_WHIP_0125.JPG,31_15_WHIP_0126.JPG,31,15,Pine,WHIP,4,9/27/19,11/1/19,11/10/19,Herbivore
2267,39638848,1,DEERWHITETAILED,31_15_WHIP_0127.JPG,31_15_WHIP_0128.JPG,31_15_WHIP_0129.JPG,31,15,Pine,WHIP,4,9/27/19,11/1/19,11/10/19,Herbivore
2268,39638849,1,DEERWHITETAILED,31_15_WHIP_0130.JPG,31_15_WHIP_0131.JPG,31_15_WHIP_0132.JPG,31,15,Pine,WHIP,4,9/27/19,11/1/19,11/10/19,Herbivore
2269,39638850,1,DEERWHITETAILED,31_15_WHIP_0133.JPG,31_15_WHIP_0134.JPG,31_15_WHIP_0135.JPG,31,15,Pine,WHIP,4,9/27/19,11/1/19,11/10/19,Herbivore
2270,39638851,1,DEERWHITETAILED,31_15_WHIP_0136.JPG,31_15_WHIP_0137.JPG,31_15_WHIP_0138.JPG,31,15,Pine,WHIP,4,9/27/19,11/1/19,11/10/19,Herbivore
2271,39638852,1,DEERWHITETAILED,31_15_WHIP_0139.JPG,31_15_WHIP_0140.JPG,31_15_WHIP_0141.JPG,31,15,Pine,WHIP,4,9/27/19,11/1/19,11/10/19,Herbivore
2272,39638853,1,DEERWHITETAILED,31_15_WHIP_0142.JPG,31_15_WHIP_0143.JPG,31_15_WHIP_0144.JPG,31,15,Pine,WHIP,4,9/27/19,11/1/19,11/10/19,Herbivore
2273,39638854,1,DEERWHITETAILED,31_15_WHIP_0145.JPG,31_15_WHIP_0146.JPG,31_15_WHIP_0147.JPG,31,15,Pine,WHIP,4,9/27/19,11/1/19,11/10/19,Herbivore
2274,39638855,1,DEERWHITETAILED,31_15_WHIP_0148.JPG,31_15_WHIP_0149.JPG,31_15_WHIP_0150.JPG,31,15,Pine,WHIP,4,9/27/19,11/1/19,11/10/19,Herbivore
2275,39638856,1,DEERWHITETAILED,31_15_WHIP_0151.JPG,31_15_WHIP_0152.JPG,31_15_WHIP_0153.JPG,31,15,Pine,WHIP,4,9/27/19,11/1/19,11/10/19,Herbivore
2276,39638858,1,DEERWHITETAILED,31_15_WHIP_0154.JPG,31_15_WHIP_0155.JPG,31_15_WHIP_0156.JPG,31,15,Pine,WHIP,4,9/27/19,11/1/19,11/10/19,Herbivore
2278,39638869,1,DEERWHITETAILED,31_15_WHIP_0163.JPG,31_15_WHIP_0164.JPG,31_15_WHIP_0165.JPG,31,15,Pine,WHIP,4,9/27/19,11/1/19,11/10/19,Herbivore
2279,39638872,1,DEERWHITETAILED,31_15_WHIP_0166.JPG,31_15_WHIP_0167.JPG,31_15_WHIP_0168.JPG,31,15,Pine,WHIP,4,9/27/19,11/1/19,11/10/19,Herbivore
2280,39638877,1,DEERWHITETAILED,31_15_WHIP_0172.JPG,31_15_WHIP_0173.JPG,31_15_WHIP_0174.JPG,31,15,Pine,WHIP,4,9/27/19,11/1/19,11/10/19,Herbivore
2281,39638878,1,DEERWHITETAILED,31_15_WHIP_0175.JPG,31_15_WHIP_0176.JPG,31_15_WHIP_0177.JPG,31,15,Pine,WHIP,4,9/27/19,11/1/19,11/10/19,Herbivore
2282,39638879,1,DEERWHITETAILED,31_15_WHIP_0178.JPG,31_15_WHIP_0179.JPG,31_15_WHIP_0180.JPG,31,15,Pine,WHIP,4,9/27/19,11/1/19,11/10/19,Herbivore
2283,39638880,1,DEERWHITETAILED,31_15_WHIP_0181.JPG,31_15_WHIP_0182.JPG,31_15_WHIP_0183.JPG,31,15,Pine,WHIP,4,9/27/19,11/1/19,11/10/19,Herbivore
2284,39638887,1,DEERWHITETAILED,31_15_WHIP_0184.JPG,31_15_WHIP_0185.JPG,31_15_WHIP_0186.JPG,31,15,Pine,WHIP,4,9/27/19,11/1/19,11/10/19,Herbivore
2285,39638888,1,DEERWHITETAILED,31_15_WHIP_0187.JPG,31_15_WHIP_0188.JPG,31_15_WHIP_0189.JPG,31,15,Pine,WHIP,4,9/27/19,11/1/19,11/10/19,Herbivore
2286,39638891,2,DEERWHITETAILED,31_15_WHIP_0190.JPG,31_15_WHIP_0191.JPG,31_15_WHIP_0192.JPG,31,15,Pine,WHIP,4,9/27/19,11/1/19,11/10/19,Herbivore
2287,39638892,1,DEERWHITETAILED,31_15_WHIP_0193.JPG,31_15_WHIP_0194.JPG,31_15_WHIP_0195.JPG,31,15,Pine,WHIP,4,9/27/19,11/1/19,11/10/19,Herbivore
2288,39638894,1,DEERWHITETAILED,31_15_WHIP_0196.JPG,31_15_WHIP_0197.JPG,31_15_WHIP_0198.JPG,31,15,Pine,WHIP,4,9/27/19,11/1/19,11/10/19,Herbivore
2289,39638897,1,DEERWHITETAILED,31_15_WHIP_0199.JPG,31_15_WHIP_0200.JPG,31_15_WHIP_0201.JPG,31,15,Pine,WHIP,4,9/27/19,11/1/19,11/10/19,Herbivore
2290,39638926,1,DEERWHITETAILED,31_15_WHIP_0214.JPG,31_15_WHIP_0215.JPG,31_15_WHIP_0216.JPG,31,15,Pine,WHIP,4,9/27/19,11/1/19,11/10/19,Herbivore
2291,39638927,1,DEERWHITETAILED,31_15_WHIP_0217.JPG,31_15_WHIP_0218.JPG,31_15_WHIP_0219.JPG,31,15,Pine,WHIP,4,9/27/19,11/1/19,11/10/19,Herbivore
2292,39638928,1,DEERWHITETAILED,31_15_WHIP_0220.JPG,31_15_WHIP_0221.JPG,31_15_WHIP_0222.JPG,31,15,Pine,WHIP,4,9/27/19,11/1/19,11/10/19,Herbivore
2293,39638929,1,DEERWHITETAILED,31_15_WHIP_0223.JPG,31_15_WHIP_0224.JPG,31_15_WHIP_0225.JPG,31,15,Pine,WHIP,4,9/27/19,11/1/19,11/10/19,Herbivore
2294,39638932,1,DEERWHITETAILED,31_15_WHIP_0226.JPG,31_15_WHIP_0227.JPG,31_15_WHIP_0228.JPG,31,15,Pine,WHIP,4,9/27/19,11/1/19,11/10/19,Herbivore
2296,39638999,1,DEERWHITETAILED,31_15_WHIP_0271.JPG,31_15_WHIP_0272.JPG,31_15_WHIP_0273.JPG,31,15,Pine,WHIP,4,9/27/19,11/1/19,11/10/19,Herbivore
2297,39639000,1,DEERWHITETAILED,31_15_WHIP_0274.JPG,31_15_WHIP_0275.JPG,31_15_WHIP_0276.JPG,31,15,Pine,WHIP,4,9/27/19,11/1/19,11/10/19,Herbivore
2298,39639041,1,DEERWHITETAILED,31_15_WHIP_0310.JPG,31_15_WHIP_0311.JPG,31_15_WHIP_0312.JPG,31,15,Pine,WHIP,4,9/27/19,11/1/19,11/10/19,Herbivore
2299,39639042,1,DEERWHITETAILED,31_15_WHIP_0313.JPG,31_15_WHIP_0314.JPG,31_15_WHIP_0315.JPG,31,15,Pine,WHIP,4,9/27/19,11/1/19,11/10/19,Herbivore
2300,39639046,1,DEERWHITETAILED,31_15_WHIP_0316.JPG,31_15_WHIP_0317.JPG,31_15_WHIP_0318.JPG,31,15,Pine,WHIP,4,9/27/19,11/1/19,11/10/19,Herbivore
2301,39639106,1,DEERWHITETAILED,31_15_WHIP_0328.JPG,31_15_WHIP_0329.JPG,31_15_WHIP_0330.JPG,31,15,Pine,WHIP,4,9/27/19,11/1/19,11/10/19,Herbivore
2302,39639113,2,DEERWHITETAILED,31_15_WHIP_0331.JPG,31_15_WHIP_0332.JPG,31_15_WHIP_0333.JPG,31,15,Pine,WHIP,4,9/27/19,11/1/19,11/10/19,Herbivore
2303,39639128,1,DEERWHITETAILED,31_15_WHIP_0340.JPG,31_15_WHIP_0341.JPG,31_15_WHIP_0342.JPG,31,15,Pine,WHIP,4,9/27/19,11/1/19,11/10/19,Herbivore
2305,39639183,1,DEERWHITETAILED,31_15_WHIP_0382.JPG,31_15_WHIP_0383.JPG,31_15_WHIP_0384.JPG,31,15,Pine,WHIP,4,9/27/19,11/1/19,11/10/19,Herbivore
2306,39639184,1,DEERWHITETAILED,31_15_WHIP_0385.JPG,31_15_WHIP_0386.JPG,31_15_WHIP_0387.JPG,31,15,Pine,WHIP,4,9/27/19,11/1/19,11/10/19,Herbivore
2307,39639185,1,DEERWHITETAILED,31_15_WHIP_0388.JPG,31_15_WHIP_0389.JPG,31_15_WHIP_0390.JPG,31,15,Pine,WHIP,4,9/27/19,11/1/19,11/10/19,Herbivore
2310,39639250,1,DEERWHITETAILED,31_15_WHIP_0415.JPG,31_15_WHIP_0416.JPG,31_15_WHIP_0417.JPG,31,15,Pine,WHIP,4,9/27/19,11/1/19,11/10/19,Herbivore
2314,39639367,1,DEERWHITETAILED,31_15_WHIP_0451.JPG,31_15_WHIP_0452.JPG,31_15_WHIP_0453.JPG,31,15,Pine,WHIP,4,9/27/19,11/1/19,11/10/19,Herbivore
2315,39639375,1,DEERWHITETAILED,31_15_WHIP_0454.JPG,31_15_WHIP_0455.JPG,31_15_WHIP_0456.JPG,31,15,Pine,WHIP,4,9/27/19,11/1/19,11/10/19,Herbivore
2316,39639377,1,DEERWHITETAILED,31_15_WHIP_0457.JPG,31_15_WHIP_0458.JPG,31_15_WHIP_0459.JPG,31,15,Pine,WHIP,4,9/27/19,11/1/19,11/10/19,Herbivore
2321,39639434,1,DEERWHITETAILED,31_15_WHIP_0472.JPG,31_15_WHIP_0473.JPG,31_15_WHIP_0474.JPG,31,15,Pine,WHIP,4,9/27/19,11/1/19,11/10/19,Herbivore
2324,39639458,1,DEERWHITETAILED,31_15_WHIP_0481.JPG,31_15_WHIP_0482.JPG,31_15_WHIP_0483.JPG,31,15,Pine,WHIP,4,9/27/19,11/1/19,11/10/19,Herbivore
2331,39639495,1,DEERWHITETAILED,31_15_WHIP_0502.JPG,31_15_WHIP_0503.JPG,31_15_WHIP_0504.JPG,31,15,Pine,WHIP,4,9/27/19,11/1/19,11/10/19,Herbivore
2350,37162564,1,DEERWHITETAILED,31_41_WHIP_0001.JPG,31_41_WHIP_0002.JPG,31_41_WHIP_0003.JPG,31,41,Pine,WHIP,2,1/24/19,5/13/19,2/18/19,Herbivore
2352,37162566,1,DEERWHITETAILED,31_41_WHIP_0007.JPG,31_41_WHIP_0008.JPG,31_41_WHIP_0009.JPG,31,41,Pine,WHIP,2,1/24/19,5/13/19,2/18/19,Herbivore
2354,37162568,1,DEERWHITETAILED,31_41_WHIP_0013.JPG,31_41_WHIP_0014.JPG,31_41_WHIP_0015.JPG,31,41,Pine,WHIP,2,1/24/19,5/13/19,2/18/19,Herbivore
2355,37162569,1,DEERWHITETAILED,31_41_WHIP_0016.JPG,31_41_WHIP_0017.JPG,31_41_WHIP_0018.JPG,31,41,Pine,WHIP,2,1/24/19,5/13/19,2/18/19,Herbivore
2356,37162570,1,DEERWHITETAILED,31_41_WHIP_0019.JPG,31_41_WHIP_0020.JPG,31_41_WHIP_0021.JPG,31,41,Pine,WHIP,2,1/24/19,5/13/19,2/18/19,Herbivore
2357,37162571,1,DEERWHITETAILED,31_41_WHIP_0022.JPG,31_41_WHIP_0023.JPG,31_41_WHIP_0024.JPG,31,41,Pine,WHIP,2,1/24/19,5/13/19,2/18/19,Herbivore
2361,39638806,1,DEERWHITETAILED,32_13_WHIP_0022.JPG,32_13_WHIP_0023.JPG,32_13_WHIP_0024.JPG,32,13,Pine,WHIP,4,9/27/19,11/12/19,11/12/19,Herbivore
2362,39638807,1,DEERWHITETAILED,32_13_WHIP_0025.JPG,32_13_WHIP_0026.JPG,32_13_WHIP_0027.JPG,32,13,Pine,WHIP,4,9/27/19,11/12/19,11/12/19,Herbivore
2363,39638808,1,DEERWHITETAILED,32_13_WHIP_0028.JPG,32_13_WHIP_0029.JPG,32_13_WHIP_0030.JPG,32,13,Pine,WHIP,4,9/27/19,11/12/19,11/12/19,Herbivore
2364,39638811,1,DEERWHITETAILED,32_13_WHIP_0031.JPG,32_13_WHIP_0032.JPG,32_13_WHIP_0033.JPG,32,13,Pine,WHIP,4,9/27/19,11/12/19,11/12/19,Herbivore
2365,39638812,1,DEERWHITETAILED,32_13_WHIP_0034.JPG,32_13_WHIP_0035.JPG,32_13_WHIP_0036.JPG,32,13,Pine,WHIP,4,9/27/19,11/12/19,11/12/19,Herbivore
2366,39638813,2,DEERWHITETAILED,32_13_WHIP_0037.JPG,32_13_WHIP_0038.JPG,32_13_WHIP_0039.JPG,32,13,Pine,WHIP,4,9/27/19,11/12/19,11/12/19,Herbivore
2367,39638857,1,DEERWHITETAILED,32_13_WHIP_0040.JPG,32_13_WHIP_0041.JPG,32_13_WHIP_0042.JPG,32,13,Pine,WHIP,4,9/27/19,11/12/19,11/12/19,Herbivore
2368,39638939,1,DEERWHITETAILED,32_13_WHIP_0046.JPG,32_13_WHIP_0047.JPG,32_13_WHIP_0048.JPG,32,13,Pine,WHIP,4,9/27/19,11/12/19,11/12/19,Herbivore
2369,39639059,1,DEERWHITETAILED,32_13_WHIP_0049.JPG,32_13_WHIP_0050.JPG,32_13_WHIP_0051.JPG,32,13,Pine,WHIP,4,9/27/19,11/12/19,11/12/19,Herbivore
2370,39639060,1,DEERWHITETAILED,32_13_WHIP_0052.JPG,32_13_WHIP_0053.JPG,32_13_WHIP_0054.JPG,32,13,Pine,WHIP,4,9/27/19,11/12/19,11/12/19,Herbivore
2371,39639463,1,DEERWHITETAILED,32_13_WHIP_0058.JPG,32_13_WHIP_0059.JPG,32_13_WHIP_0060.JPG,32,13,Pine,WHIP,4,9/27/19,11/12/19,11/12/19,Herbivore
2372,39639569,2,DEERWHITETAILED,32_13_WHIP_0064.JPG,32_13_WHIP_0065.JPG,32_13_WHIP_0066.JPG,32,13,Pine,WHIP,4,9/27/19,11/12/19,11/12/19,Herbivore
2373,39639570,1,DEERWHITETAILED,32_13_WHIP_0067.JPG,32_13_WHIP_0068.JPG,32_13_WHIP_0069.JPG,32,13,Pine,WHIP,4,9/27/19,11/12/19,11/12/19,Herbivore
2374,39639571,1,DEERWHITETAILED,32_13_WHIP_0070.JPG,32_13_WHIP_0071.JPG,32_13_WHIP_0072.JPG,32,13,Pine,WHIP,4,9/27/19,11/12/19,11/12/19,Herbivore
2375,39639652,1,DEERWHITETAILED,32_13_WHIP_0076.JPG,32_13_WHIP_0077.JPG,32_13_WHIP_0078.JPG,32,13,Pine,WHIP,4,9/27/19,11/12/19,11/12/19,Herbivore
2376,39639653,1,DEERWHITETAILED,32_13_WHIP_0079.JPG,32_13_WHIP_0080.JPG,32_13_WHIP_0081.JPG,32,13,Pine,WHIP,4,9/27/19,11/12/19,11/12/19,Herbivore
2377,39639654,1,DEERWHITETAILED,32_13_WHIP_0082.JPG,32_13_WHIP_0083.JPG,32_13_WHIP_0084.JPG,32,13,Pine,WHIP,4,9/27/19,11/12/19,11/12/19,Herbivore
2378,39639655,1,DEERWHITETAILED,32_13_WHIP_0085.JPG,32_13_WHIP_0086.JPG,32_13_WHIP_0087.JPG,32,13,Pine,WHIP,4,9/27/19,11/12/19,11/12/19,Herbivore
2379,39639658,1,DEERWHITETAILED,32_13_WHIP_0088.JPG,32_13_WHIP_0089.JPG,32_13_WHIP_0090.JPG,32,13,Pine,WHIP,4,9/27/19,11/12/19,11/12/19,Herbivore
2380,39639659,1,DEERWHITETAILED,32_13_WHIP_0091.JPG,32_13_WHIP_0092.JPG,32_13_WHIP_0093.JPG,32,13,Pine,WHIP,4,9/27/19,11/12/19,11/12/19,Herbivore
2381,39639660,1,DEERWHITETAILED,32_13_WHIP_0094.JPG,32_13_WHIP_0095.JPG,NA,32,13,Pine,WHIP,4,9/27/19,11/12/19,11/12/19,Herbivore
2384,39639705,1,DEERWHITETAILED,32_13_WHIP_0103.JPG,32_13_WHIP_0104.JPG,32_13_WHIP_0105.JPG,32,13,Pine,WHIP,4,9/27/19,11/12/19,11/12/19,Herbivore
2385,39639706,1,DEERWHITETAILED,32_13_WHIP_0106.JPG,32_13_WHIP_0107.JPG,32_13_WHIP_0108.JPG,32,13,Pine,WHIP,4,9/27/19,11/12/19,11/12/19,Herbivore
2386,39639707,1,DEERWHITETAILED,32_13_WHIP_0109.JPG,32_13_WHIP_0110.JPG,32_13_WHIP_0111.JPG,32,13,Pine,WHIP,4,9/27/19,11/12/19,11/12/19,Herbivore
2387,39639708,1,DEERWHITETAILED,32_13_WHIP_0112.JPG,32_13_WHIP_0113.JPG,32_13_WHIP_0114.JPG,32,13,Pine,WHIP,4,9/27/19,11/12/19,11/12/19,Herbivore
2388,39639709,1,DEERWHITETAILED,32_13_WHIP_0115.JPG,32_13_WHIP_0116.JPG,32_13_WHIP_0117.JPG,32,13,Pine,WHIP,4,9/27/19,11/12/19,11/12/19,Herbivore
2389,39639710,1,DEERWHITETAILED,32_13_WHIP_0118.JPG,32_13_WHIP_0119.JPG,32_13_WHIP_0120.JPG,32,13,Pine,WHIP,4,9/27/19,11/12/19,11/12/19,Herbivore
2390,39639711,1,DEERWHITETAILED,32_13_WHIP_0121.JPG,32_13_WHIP_0122.JPG,32_13_WHIP_0123.JPG,32,13,Pine,WHIP,4,9/27/19,11/12/19,11/12/19,Herbivore
2391,39639866,1,DEERWHITETAILED,32_13_WHIP_0127.JPG,32_13_WHIP_0128.JPG,32_13_WHIP_0129.JPG,32,13,Pine,WHIP,4,9/27/19,11/12/19,11/12/19,Herbivore
2392,39639867,1,DEERWHITETAILED,32_13_WHIP_0130.JPG,32_13_WHIP_0131.JPG,32_13_WHIP_0132.JPG,32,13,Pine,WHIP,4,9/27/19,11/12/19,11/12/19,Herbivore
2393,39639885,1,DEERWHITETAILED,32_13_WHIP_0136.JPG,32_13_WHIP_0137.JPG,32_13_WHIP_0138.JPG,32,13,Pine,WHIP,4,9/27/19,11/12/19,11/12/19,Herbivore
2394,39639887,1,DEERWHITETAILED,32_13_WHIP_0139.JPG,32_13_WHIP_0140.JPG,32_13_WHIP_0141.JPG,32,13,Pine,WHIP,4,9/27/19,11/12/19,11/12/19,Herbivore
2395,39639888,1,DEERWHITETAILED,32_13_WHIP_0142.JPG,32_13_WHIP_0143.JPG,32_13_WHIP_0144.JPG,32,13,Pine,WHIP,4,9/27/19,11/12/19,11/12/19,Herbivore
2396,39639889,1,DEERWHITETAILED,32_13_WHIP_0145.JPG,32_13_WHIP_0146.JPG,32_13_WHIP_0147.JPG,32,13,Pine,WHIP,4,9/27/19,11/12/19,11/12/19,Herbivore
2397,39639896,1,DEERWHITETAILED,32_13_WHIP_0151.JPG,32_13_WHIP_0152.JPG,32_13_WHIP_0153.JPG,32,13,Pine,WHIP,4,9/27/19,11/12/19,11/12/19,Herbivore
2398,39639900,1,DEERWHITETAILED,32_13_WHIP_0154.JPG,32_13_WHIP_0155.JPG,32_13_WHIP_0156.JPG,32,13,Pine,WHIP,4,9/27/19,11/12/19,11/12/19,Herbivore
2399,39639916,2,DEERWHITETAILED,32_13_WHIP_0157.JPG,32_13_WHIP_0158.JPG,32_13_WHIP_0159.JPG,32,13,Pine,WHIP,4,9/27/19,11/12/19,11/12/19,Herbivore
2400,39639917,1,DEERWHITETAILED,32_13_WHIP_0160.JPG,32_13_WHIP_0161.JPG,32_13_WHIP_0162.JPG,32,13,Pine,WHIP,4,9/27/19,11/12/19,11/12/19,Herbivore
2401,39639918,1,DEERWHITETAILED,32_13_WHIP_0163.JPG,32_13_WHIP_0164.JPG,32_13_WHIP_0165.JPG,32,13,Pine,WHIP,4,9/27/19,11/12/19,11/12/19,Herbivore
2402,39639919,1,DEERWHITETAILED,32_13_WHIP_0166.JPG,32_13_WHIP_0167.JPG,32_13_WHIP_0168.JPG,32,13,Pine,WHIP,4,9/27/19,11/12/19,11/12/19,Herbivore
2403,39639920,1,DEERWHITETAILED,32_13_WHIP_0169.JPG,32_13_WHIP_0170.JPG,32_13_WHIP_0171.JPG,32,13,Pine,WHIP,4,9/27/19,11/12/19,11/12/19,Herbivore
2404,39639921,1,DEERWHITETAILED,32_13_WHIP_0172.JPG,32_13_WHIP_0173.JPG,32_13_WHIP_0174.JPG,32,13,Pine,WHIP,4,9/27/19,11/12/19,11/12/19,Herbivore
2405,39639922,1,DEERWHITETAILED,32_13_WHIP_0175.JPG,32_13_WHIP_0176.JPG,32_13_WHIP_0177.JPG,32,13,Pine,WHIP,4,9/27/19,11/12/19,11/12/19,Herbivore
2407,31429130,1,DEERWHITETAILED,32_17_WHIP_0001.JPG,32_17_WHIP_0002.JPG,32_17_WHIP_0003.JPG,32,17,Pine,WHIP,1,12/17/18,1/24/19,1/24/19,Herbivore
2408,31429131,1,DEERWHITETAILED,32_17_WHIP_0004.JPG,32_17_WHIP_0005.JPG,32_17_WHIP_0006.JPG,32,17,Pine,WHIP,1,12/17/18,1/24/19,1/24/19,Herbivore
2409,31429132,1,DEERWHITETAILED,32_17_WHIP_0007.JPG,32_17_WHIP_0008.JPG,32_17_WHIP_0009.JPG,32,17,Pine,WHIP,1,12/17/18,1/24/19,1/24/19,Herbivore
2410,31429133,1,DEERWHITETAILED,32_17_WHIP_0010.JPG,32_17_WHIP_0011.JPG,32_17_WHIP_0012.JPG,32,17,Pine,WHIP,1,12/17/18,1/24/19,1/24/19,Herbivore
2411,31429134,1,DEERWHITETAILED,32_17_WHIP_0013.JPG,32_17_WHIP_0014.JPG,32_17_WHIP_0015.JPG,32,17,Pine,WHIP,1,12/17/18,1/24/19,1/24/19,Herbivore
2412,31429135,1,DEERWHITETAILED,32_17_WHIP_0016.JPG,32_17_WHIP_0017.JPG,32_17_WHIP_0018.JPG,32,17,Pine,WHIP,1,12/17/18,1/24/19,1/24/19,Herbivore
2413,31429136,1,DEERWHITETAILED,32_17_WHIP_0019.JPG,32_17_WHIP_0020.JPG,32_17_WHIP_0021.JPG,32,17,Pine,WHIP,1,12/17/18,1/24/19,1/24/19,Herbivore
2414,31429137,1,DEERWHITETAILED,32_17_WHIP_0022.JPG,32_17_WHIP_0023.JPG,32_17_WHIP_0024.JPG,32,17,Pine,WHIP,1,12/17/18,1/24/19,1/24/19,Herbivore
2417,31429141,1,DEERWHITETAILED,32_17_WHIP_0034.JPG,32_17_WHIP_0035.JPG,32_17_WHIP_0036.JPG,32,17,Pine,WHIP,1,12/17/18,1/24/19,1/24/19,Herbivore
2418,31429142,1,DEERWHITETAILED,32_17_WHIP_0037.JPG,32_17_WHIP_0038.JPG,32_17_WHIP_0039.JPG,32,17,Pine,WHIP,1,12/17/18,1/24/19,1/24/19,Herbivore
2419,31429143,1,DEERWHITETAILED,32_17_WHIP_0040.JPG,32_17_WHIP_0041.JPG,32_17_WHIP_0042.JPG,32,17,Pine,WHIP,1,12/17/18,1/24/19,1/24/19,Herbivore
2421,31429145,2,DEERWHITETAILED,32_17_WHIP_0046.JPG,32_17_WHIP_0047.JPG,32_17_WHIP_0048.JPG,32,17,Pine,WHIP,1,12/17/18,1/24/19,1/24/19,Herbivore
2422,31429146,1,DEERWHITETAILED,32_17_WHIP_0049.JPG,32_17_WHIP_0050.JPG,32_17_WHIP_0051.JPG,32,17,Pine,WHIP,1,12/17/18,1/24/19,1/24/19,Herbivore
2423,31429147,1,DEERWHITETAILED,32_17_WHIP_0052.JPG,32_17_WHIP_0053.JPG,32_17_WHIP_0054.JPG,32,17,Pine,WHIP,1,12/17/18,1/24/19,1/24/19,Herbivore
2424,31429148,1,DEERWHITETAILED,32_17_WHIP_0055.JPG,32_17_WHIP_0056.JPG,32_17_WHIP_0057.JPG,32,17,Pine,WHIP,1,12/17/18,1/24/19,1/24/19,Herbivore
2425,31429149,1,DEERWHITETAILED,32_17_WHIP_0058.JPG,32_17_WHIP_0059.JPG,32_17_WHIP_0060.JPG,32,17,Pine,WHIP,1,12/17/18,1/24/19,1/24/19,Herbivore
2426,31429150,1,DEERWHITETAILED,32_17_WHIP_0061.JPG,32_17_WHIP_0062.JPG,32_17_WHIP_0063.JPG,32,17,Pine,WHIP,1,12/17/18,1/24/19,1/24/19,Herbivore
2427,31429151,1,DEERWHITETAILED,32_17_WHIP_0064.JPG,32_17_WHIP_0065.JPG,32_17_WHIP_0066.JPG,32,17,Pine,WHIP,1,12/17/18,1/24/19,1/24/19,Herbivore
2432,37818849,1,DEERWHITETAILED,32_26_WF_0004.JPG,32_26_WF_0005.JPG,32_26_WF_0006.JPG,32,26,Pine,WF,3,5/15/19,9/3/19,8/9/19,Herbivore
2433,37818850,2,DEERWHITETAILED,32_26_WF_0007.JPG,32_26_WF_0008.JPG,32_26_WF_0009.JPG,32,26,Pine,WF,3,5/15/19,9/3/19,8/9/19,Herbivore
2437,37819021,1,DEERWHITETAILED,32_26_WF_0019.JPG,32_26_WF_0020.JPG,32_26_WF_0021.JPG,32,26,Pine,WF,3,5/15/19,9/3/19,8/9/19,Herbivore
2438,37820422,1,DEERWHITETAILED,32_26_WF_0031.JPG,32_26_WF_0032.JPG,32_26_WF_0033.JPG,32,26,Pine,WF,3,5/15/19,9/3/19,8/9/19,Herbivore
2439,37820424,1,DEERWHITETAILED,32_26_WF_0034.JPG,32_26_WF_0035.JPG,32_26_WF_0036.JPG,32,26,Pine,WF,3,5/15/19,9/3/19,8/9/19,Herbivore
2442,37820721,2,DEERWHITETAILED,32_26_WF_0058.JPG,32_26_WF_0059.JPG,32_26_WF_0060.JPG,32,26,Pine,WF,3,5/15/19,9/3/19,8/9/19,Herbivore
2443,37820892,1,DEERWHITETAILED,32_26_WF_0070.JPG,32_26_WF_0071.JPG,32_26_WF_0072.JPG,32,26,Pine,WF,3,5/15/19,9/3/19,8/9/19,Herbivore
2446,37821365,1,DEERWHITETAILED,32_26_WF_0196.JPG,32_26_WF_0197.JPG,32_26_WF_0198.JPG,32,26,Pine,WF,3,5/15/19,9/3/19,8/9/19,Herbivore
2447,37821430,1,DEERWHITETAILED,32_26_WF_0199.JPG,32_26_WF_0200.JPG,NA,32,26,Pine,WF,3,5/15/19,9/3/19,8/9/19,Herbivore
2450,37822058,1,DEERWHITETAILED,32_26_WF_0274.JPG,32_26_WF_0275.JPG,32_26_WF_0276.JPG,32,26,Pine,WF,3,5/15/19,9/3/19,8/9/19,Herbivore
2451,37822064,1,DEERWHITETAILED,32_26_WF_0277.JPG,32_26_WF_0278.JPG,32_26_WF_0279.JPG,32,26,Pine,WF,3,5/15/19,9/3/19,8/9/19,Herbivore
2453,37822075,1,DEERWHITETAILED,32_26_WF_0286.JPG,32_26_WF_0287.JPG,32_26_WF_0288.JPG,32,26,Pine,WF,3,5/15/19,9/3/19,8/9/19,Herbivore
2456,37822430,2,DEERWHITETAILED,32_26_WF_0295.JPG,32_26_WF_0296.JPG,32_26_WF_0297.JPG,32,26,Pine,WF,3,5/15/19,9/3/19,8/9/19,Herbivore
2457,37822431,1,DEERWHITETAILED,32_26_WF_0298.JPG,32_26_WF_0299.JPG,32_26_WF_0300.JPG,32,26,Pine,WF,3,5/15/19,9/3/19,8/9/19,Herbivore
2458,37822437,1,DEERWHITETAILED,32_26_WF_0301.JPG,32_26_WF_0302.JPG,32_26_WF_0303.JPG,32,26,Pine,WF,3,5/15/19,9/3/19,8/9/19,Herbivore
2459,37822556,1,DEERWHITETAILED,32_26_WF_0304.JPG,32_26_WF_0305.JPG,32_26_WF_0306.JPG,32,26,Pine,WF,3,5/15/19,9/3/19,8/9/19,Herbivore
2460,37822689,1,DEERWHITETAILED,32_26_WF_0313.JPG,32_26_WF_0314.JPG,32_26_WF_0315.JPG,32,26,Pine,WF,3,5/15/19,9/3/19,8/9/19,Herbivore
2461,37822791,1,DEERWHITETAILED,32_26_WF_0316.JPG,32_26_WF_0317.JPG,32_26_WF_0318.JPG,32,26,Pine,WF,3,5/15/19,9/3/19,8/9/19,Herbivore
2462,37162572,1,DEERWHITETAILED,32_39_WHIP_0001.JPG,32_39_WHIP_0002.JPG,32_39_WHIP_0003.JPG,32,39,Pine,WHIP,2,1/24/19,5/13/19,2/15/19,Herbivore
2464,37162575,1,DEERWHITETAILED,32_39_WHIP_0010.JPG,32_39_WHIP_0011.JPG,32_39_WHIP_0012.JPG,32,39,Pine,WHIP,2,1/24/19,5/13/19,2/15/19,Herbivore
2466,31429158,1,DEERWHITETAILED,33_01_WF_0010.JPG,33_01_WF_0011.JPG,33_01_WF_0012.JPG,33,1,Pine,WF,1,11/17/18,1/31/19,1/31/19,Herbivore
2467,31429159,1,DEERWHITETAILED,33_01_WF_0013.JPG,33_01_WF_0014.JPG,33_01_WF_0015.JPG,33,1,Pine,WF,1,11/17/18,1/31/19,1/31/19,Herbivore
2468,31429160,1,DEERWHITETAILED,33_01_WF_0016.JPG,33_01_WF_0017.JPG,33_01_WF_0018.JPG,33,1,Pine,WF,1,11/17/18,1/31/19,1/31/19,Herbivore
2471,31429163,1,DEERWHITETAILED,33_01_WF_0025.JPG,33_01_WF_0026.JPG,33_01_WF_0027.JPG,33,1,Pine,WF,1,11/17/18,1/31/19,1/31/19,Herbivore
2472,31429164,1,DEERWHITETAILED,33_01_WF_0028.JPG,33_01_WF_0029.JPG,33_01_WF_0030.JPG,33,1,Pine,WF,1,11/17/18,1/31/19,1/31/19,Herbivore
2473,31429165,1,DEERWHITETAILED,33_01_WF_0031.JPG,33_01_WF_0032.JPG,NA,33,1,Pine,WF,1,11/17/18,1/31/19,1/31/19,Herbivore
2474,31429166,1,DEERWHITETAILED,33_01_WF_0037.JPG,33_01_WF_0038.JPG,33_01_WF_0039.JPG,33,1,Pine,WF,1,11/17/18,1/31/19,1/31/19,Herbivore
2475,31429167,1,DEERWHITETAILED,33_01_WF_0040.JPG,33_01_WF_0041.JPG,33_01_WF_0042.JPG,33,1,Pine,WF,1,11/17/18,1/31/19,1/31/19,Herbivore
2476,31429168,1,DEERWHITETAILED,33_01_WF_0043.JPG,33_01_WF_0044.JPG,33_01_WF_0045.JPG,33,1,Pine,WF,1,11/17/18,1/31/19,1/31/19,Herbivore
2477,31429171,1,DEERWHITETAILED,33_01_WF_0052.JPG,33_01_WF_0053.JPG,33_01_WF_0054.JPG,33,1,Pine,WF,1,11/17/18,1/31/19,1/31/19,Herbivore
2478,31429172,1,DEERWHITETAILED,33_01_WF_0055.JPG,33_01_WF_0056.JPG,33_01_WF_0057.JPG,33,1,Pine,WF,1,11/17/18,1/31/19,1/31/19,Herbivore
2481,31429175,1,DEERWHITETAILED,33_01_WF_0064.JPG,33_01_WF_0065.JPG,33_01_WF_0066.JPG,33,1,Pine,WF,1,11/17/18,1/31/19,1/31/19,Herbivore
2484,31429178,1,DEERWHITETAILED,33_01_WF_0073.JPG,33_01_WF_0074.JPG,33_01_WF_0075.JPG,33,1,Pine,WF,1,11/17/18,1/31/19,1/31/19,Herbivore
2485,31429179,1,DEERWHITETAILED,33_01_WF_0079.JPG,33_01_WF_0080.JPG,33_01_WF_0081.JPG,33,1,Pine,WF,1,11/17/18,1/31/19,1/31/19,Herbivore
2486,31429180,1,DEERWHITETAILED,33_01_WF_0082.JPG,33_01_WF_0083.JPG,33_01_WF_0084.JPG,33,1,Pine,WF,1,11/17/18,1/31/19,1/31/19,Herbivore
2487,31429181,1,DEERWHITETAILED,33_01_WF_0085.JPG,33_01_WF_0086.JPG,33_01_WF_0087.JPG,33,1,Pine,WF,1,11/17/18,1/31/19,1/31/19,Herbivore
2488,31429182,1,DEERWHITETAILED,33_01_WF_0088.JPG,33_01_WF_0089.JPG,33_01_WF_0090.JPG,33,1,Pine,WF,1,11/17/18,1/31/19,1/31/19,Herbivore
2489,31429183,1,DEERWHITETAILED,33_01_WF_0091.JPG,33_01_WF_0092.JPG,33_01_WF_0093.JPG,33,1,Pine,WF,1,11/17/18,1/31/19,1/31/19,Herbivore
2490,31429184,2,DEERWHITETAILED,33_01_WF_0094.JPG,33_01_WF_0095.JPG,33_01_WF_0096.JPG,33,1,Pine,WF,1,11/17/18,1/31/19,1/31/19,Herbivore
2491,31429185,1,DEERWHITETAILED,33_01_WF_0097.JPG,33_01_WF_0098.JPG,33_01_WF_0099.JPG,33,1,Pine,WF,1,11/17/18,1/31/19,1/31/19,Herbivore
2492,31429186,1,DEERWHITETAILED,33_01_WF_0100.JPG,33_01_WF_0101.JPG,33_01_WF_0102.JPG,33,1,Pine,WF,1,11/17/18,1/31/19,1/31/19,Herbivore
2493,31429187,1,DEERWHITETAILED,33_01_WF_0103.JPG,33_01_WF_0104.JPG,33_01_WF_0105.JPG,33,1,Pine,WF,1,11/17/18,1/31/19,1/31/19,Herbivore
2494,31429188,1,DEERWHITETAILED,33_01_WF_0106.JPG,33_01_WF_0107.JPG,33_01_WF_0108.JPG,33,1,Pine,WF,1,11/17/18,1/31/19,1/31/19,Herbivore
2495,31429190,1,DEERWHITETAILED,33_01_WF_0112.JPG,33_01_WF_0113.JPG,33_01_WF_0114.JPG,33,1,Pine,WF,1,11/17/18,1/31/19,1/31/19,Herbivore
2496,31429191,1,DEERWHITETAILED,33_01_WF_0115.JPG,33_01_WF_0116.JPG,33_01_WF_0117.JPG,33,1,Pine,WF,1,11/17/18,1/31/19,1/31/19,Herbivore
2498,31429193,1,DEERWHITETAILED,33_01_WF_0121.JPG,33_01_WF_0122.JPG,33_01_WF_0123.JPG,33,1,Pine,WF,1,11/17/18,1/31/19,1/31/19,Herbivore
2499,31429194,1,DEERWHITETAILED,33_01_WF_0124.JPG,33_01_WF_0125.JPG,33_01_WF_0126.JPG,33,1,Pine,WF,1,11/17/18,1/31/19,1/31/19,Herbivore
2501,31429196,1,DEERWHITETAILED,33_01_WF_0130.JPG,33_01_WF_0131.JPG,33_01_WF_0132.JPG,33,1,Pine,WF,1,11/17/18,1/31/19,1/31/19,Herbivore
2503,31429198,1,DEERWHITETAILED,33_01_WF_0136.JPG,33_01_WF_0137.JPG,33_01_WF_0138.JPG,33,1,Pine,WF,1,11/17/18,1/31/19,1/31/19,Herbivore
2504,31429199,1,DEERWHITETAILED,33_01_WF_0139.JPG,33_01_WF_0140.JPG,NA,33,1,Pine,WF,1,11/17/18,1/31/19,1/31/19,Herbivore
2505,31429200,1,DEERWHITETAILED,33_01_WF_0145.JPG,33_01_WF_0146.JPG,33_01_WF_0147.JPG,33,1,Pine,WF,1,11/17/18,1/31/19,1/31/19,Herbivore
2506,31429201,1,DEERWHITETAILED,33_01_WF_0148.JPG,33_01_WF_0149.JPG,NA,33,1,Pine,WF,1,11/17/18,1/31/19,1/31/19,Herbivore
2507,31429202,1,DEERWHITETAILED,33_01_WF_0154.JPG,33_01_WF_0155.JPG,33_01_WF_0156.JPG,33,1,Pine,WF,1,11/17/18,1/31/19,1/31/19,Herbivore
2508,31429203,1,DEERWHITETAILED,33_01_WF_0157.JPG,33_01_WF_0158.JPG,33_01_WF_0159.JPG,33,1,Pine,WF,1,11/17/18,1/31/19,1/31/19,Herbivore
2509,31429204,1,DEERWHITETAILED,33_01_WF_0160.JPG,33_01_WF_0161.JPG,33_01_WF_0162.JPG,33,1,Pine,WF,1,11/17/18,1/31/19,1/31/19,Herbivore
2510,31429205,1,DEERWHITETAILED,33_01_WF_0163.JPG,33_01_WF_0164.JPG,33_01_WF_0165.JPG,33,1,Pine,WF,1,11/17/18,1/31/19,1/31/19,Herbivore
2511,31429206,1,DEERWHITETAILED,33_01_WF_0166.JPG,33_01_WF_0167.JPG,33_01_WF_0168.JPG,33,1,Pine,WF,1,11/17/18,1/31/19,1/31/19,Herbivore
2512,31429207,1,DEERWHITETAILED,33_01_WF_0169.JPG,33_01_WF_0170.JPG,33_01_WF_0171.JPG,33,1,Pine,WF,1,11/17/18,1/31/19,1/31/19,Herbivore
2513,31429208,1,DEERWHITETAILED,33_01_WF_0172.JPG,33_01_WF_0173.JPG,33_01_WF_0174.JPG,33,1,Pine,WF,1,11/17/18,1/31/19,1/31/19,Herbivore
2514,31429209,1,DEERWHITETAILED,33_01_WF_0175.JPG,33_01_WF_0176.JPG,33_01_WF_0177.JPG,33,1,Pine,WF,1,11/17/18,1/31/19,1/31/19,Herbivore
2515,31429212,2,DEERWHITETAILED,33_01_WF_0184.JPG,33_01_WF_0185.JPG,33_01_WF_0186.JPG,33,1,Pine,WF,1,11/17/18,1/31/19,1/31/19,Herbivore
2516,31429213,1,DEERWHITETAILED,33_01_WF_0187.JPG,33_01_WF_0188.JPG,33_01_WF_0189.JPG,33,1,Pine,WF,1,11/17/18,1/31/19,1/31/19,Herbivore
2517,31429214,1,DEERWHITETAILED,33_01_WF_0190.JPG,33_01_WF_0191.JPG,33_01_WF_0192.JPG,33,1,Pine,WF,1,11/17/18,1/31/19,1/31/19,Herbivore
2518,31429215,1,DEERWHITETAILED,33_01_WF_0193.JPG,33_01_WF_0194.JPG,33_01_WF_0195.JPG,33,1,Pine,WF,1,11/17/18,1/31/19,1/31/19,Herbivore
2519,31429216,2,DEERWHITETAILED,33_01_WF_0196.JPG,33_01_WF_0197.JPG,33_01_WF_0198.JPG,33,1,Pine,WF,1,11/17/18,1/31/19,1/31/19,Herbivore
2520,31429217,1,DEERWHITETAILED,33_01_WF_0199.JPG,33_01_WF_0200.JPG,33_01_WF_0201.JPG,33,1,Pine,WF,1,11/17/18,1/31/19,1/31/19,Herbivore
2521,31429218,1,DEERWHITETAILED,33_01_WF_0202.JPG,33_01_WF_0203.JPG,33_01_WF_0204.JPG,33,1,Pine,WF,1,11/17/18,1/31/19,1/31/19,Herbivore
2525,37820256,1,DEERWHITETAILED,33_23_DON_0061.JPG,33_23_DON_0062.JPG,33_23_DON_0063.JPG,33,23,Deciduous,DON,3,5/16/19,9/7/19,8/20/19,Herbivore
2527,37820332,1,DEERWHITETAILED,33_23_DON_0082.JPG,33_23_DON_0083.JPG,33_23_DON_0084.JPG,33,23,Deciduous,DON,3,5/16/19,9/7/19,8/20/19,Herbivore
2528,37820350,1,DEERWHITETAILED,33_23_DON_0088.JPG,33_23_DON_0089.JPG,33_23_DON_0090.JPG,33,23,Deciduous,DON,3,5/16/19,9/7/19,8/20/19,Herbivore
2539,37820925,1,DEERWHITETAILED,33_23_DON_0235.JPG,33_23_DON_0236.JPG,33_23_DON_0237.JPG,33,23,Deciduous,DON,3,5/16/19,9/7/19,8/20/19,Herbivore
2543,37821184,2,DEERWHITETAILED,33_23_DON_0259.JPG,33_23_DON_0260.JPG,33_23_DON_0261.JPG,33,23,Deciduous,DON,3,5/16/19,9/7/19,8/20/19,Herbivore
2549,37821222,1,DEERWHITETAILED,33_23_DON_0277.JPG,33_23_DON_0278.JPG,33_23_DON_0279.JPG,33,23,Deciduous,DON,3,5/16/19,9/7/19,8/20/19,Herbivore
2551,37821282,1,DEERWHITETAILED,33_23_DON_0286.JPG,33_23_DON_0287.JPG,33_23_DON_0288.JPG,33,23,Deciduous,DON,3,5/16/19,9/7/19,8/20/19,Herbivore
2553,37821341,1,DEERWHITETAILED,33_23_DON_0295.JPG,33_23_DON_0296.JPG,NA,33,23,Deciduous,DON,3,5/16/19,9/7/19,8/20/19,Herbivore
2559,37821397,1,DEERWHITETAILED,33_23_DON_0322.JPG,33_23_DON_0323.JPG,33_23_DON_0324.JPG,33,23,Deciduous,DON,3,5/16/19,9/7/19,8/20/19,Herbivore
2587,37822090,2,DEERWHITETAILED,33_23_DON_0457.JPG,33_23_DON_0458.JPG,33_23_DON_0459.JPG,33,23,Deciduous,DON,3,5/16/19,9/7/19,8/20/19,Herbivore
2588,37822091,2,DEERWHITETAILED,33_23_DON_0460.JPG,33_23_DON_0461.JPG,33_23_DON_0462.JPG,33,23,Deciduous,DON,3,5/16/19,9/7/19,8/20/19,Herbivore
2593,37822220,2,DEERWHITETAILED,33_23_DON_0490.JPG,33_23_DON_0491.JPG,33_23_DON_0492.JPG,33,23,Deciduous,DON,3,5/16/19,9/7/19,8/20/19,Herbivore
2594,37822221,2,DEERWHITETAILED,33_23_DON_0493.JPG,33_23_DON_0494.JPG,33_23_DON_0495.JPG,33,23,Deciduous,DON,3,5/16/19,9/7/19,8/20/19,Herbivore
2601,37822309,1,DEERWHITETAILED,33_23_DON_0532.JPG,33_23_DON_0533.JPG,33_23_DON_0534.JPG,33,23,Deciduous,DON,3,5/16/19,9/7/19,8/20/19,Herbivore
2623,37162576,1,DEERWHITETAILED,33_32_WF_0001.JPG,33_32_WF_0002.JPG,33_32_WF_0003.JPG,33,32,Pine,WF,2,1/31/19,5/15/19,2/8/19,Herbivore
2624,37162577,1,DEERWHITETAILED,33_32_WF_0004.JPG,33_32_WF_0005.JPG,33_32_WF_0006.JPG,33,32,Pine,WF,2,1/31/19,5/15/19,2/8/19,Herbivore
2625,37162578,1,DEERWHITETAILED,33_32_WF_0007.JPG,33_32_WF_0008.JPG,33_32_WF_0009.JPG,33,32,Pine,WF,2,1/31/19,5/15/19,2/8/19,Herbivore
2630,39638691,1,DEERWHITETAILED,33_38_DEG_0013.JPG,33_38_DEG_0014.JPG,33_38_DEG_0015.JPG,33,38,Pine,DEG,4,9/27/19,11/17/19,11/10/19,Herbivore
2631,39638701,1,DEERWHITETAILED,33_38_DEG_0016.JPG,33_38_DEG_0017.JPG,33_38_DEG_0018.JPG,33,38,Pine,DEG,4,9/27/19,11/17/19,11/10/19,Herbivore
2632,39638741,1,DEERWHITETAILED,33_38_DEG_0022.JPG,33_38_DEG_0023.JPG,33_38_DEG_0024.JPG,33,38,Pine,DEG,4,9/27/19,11/17/19,11/10/19,Herbivore
2633,39638742,1,DEERWHITETAILED,33_38_DEG_0025.JPG,33_38_DEG_0026.JPG,33_38_DEG_0027.JPG,33,38,Pine,DEG,4,9/27/19,11/17/19,11/10/19,Herbivore
2634,39638743,1,DEERWHITETAILED,33_38_DEG_0028.JPG,33_38_DEG_0029.JPG,33_38_DEG_0030.JPG,33,38,Pine,DEG,4,9/27/19,11/17/19,11/10/19,Herbivore
2644,39638998,1,DEERWHITETAILED,33_38_DEG_0061.JPG,33_38_DEG_0062.JPG,33_38_DEG_0063.JPG,33,38,Pine,DEG,4,9/27/19,11/17/19,11/10/19,Herbivore
2645,39639112,1,DEERWHITETAILED,33_38_DEG_0067.JPG,33_38_DEG_0068.JPG,33_38_DEG_0069.JPG,33,38,Pine,DEG,4,9/27/19,11/17/19,11/10/19,Herbivore
2646,39639126,1,DEERWHITETAILED,33_38_DEG_0070.JPG,33_38_DEG_0071.JPG,33_38_DEG_0072.JPG,33,38,Pine,DEG,4,9/27/19,11/17/19,11/10/19,Herbivore
2647,39639129,1,DEERWHITETAILED,33_38_DEG_0073.JPG,33_38_DEG_0074.JPG,33_38_DEG_0075.JPG,33,38,Pine,DEG,4,9/27/19,11/17/19,11/10/19,Herbivore
2648,39639130,1,DEERWHITETAILED,33_38_DEG_0076.JPG,33_38_DEG_0077.JPG,33_38_DEG_0078.JPG,33,38,Pine,DEG,4,9/27/19,11/17/19,11/10/19,Herbivore
2650,39639206,1,DEERWHITETAILED,33_38_DEG_0082.JPG,33_38_DEG_0083.JPG,33_38_DEG_0084.JPG,33,38,Pine,DEG,4,9/27/19,11/17/19,11/10/19,Herbivore
2653,39639314,1,DEERWHITETAILED,33_38_DEG_0091.JPG,33_38_DEG_0092.JPG,33_38_DEG_0093.JPG,33,38,Pine,DEG,4,9/27/19,11/17/19,11/10/19,Herbivore
2654,39639354,1,DEERWHITETAILED,33_38_DEG_0094.JPG,33_38_DEG_0095.JPG,33_38_DEG_0096.JPG,33,38,Pine,DEG,4,9/27/19,11/17/19,11/10/19,Herbivore
2656,39639663,1,DEERWHITETAILED,33_38_DEG_0100.JPG,33_38_DEG_0101.JPG,33_38_DEG_0102.JPG,33,38,Pine,DEG,4,9/27/19,11/17/19,11/10/19,Herbivore
2657,39639664,1,DEERWHITETAILED,33_38_DEG_0103.JPG,33_38_DEG_0104.JPG,NA,33,38,Pine,DEG,4,9/27/19,11/17/19,11/10/19,Herbivore
2663,39906293,1,DEERWHITETAILED,34_21_WF_0007.JPG,34_21_WF_0008.JPG,34_21_WF_0009.JPG,34,21,Pine,WF,4,9/29/19,1/26/20,12/14/19,Herbivore
2664,39906294,1,DEERWHITETAILED,34_21_WF_0010.JPG,34_21_WF_0011.JPG,34_21_WF_0012.JPG,34,21,Pine,WF,4,9/29/19,1/26/20,12/14/19,Herbivore
2665,39906295,1,DEERWHITETAILED,34_21_WF_0013.JPG,34_21_WF_0014.JPG,34_21_WF_0015.JPG,34,21,Pine,WF,4,9/29/19,1/26/20,12/14/19,Herbivore
2666,39906296,1,DEERWHITETAILED,34_21_WF_0016.JPG,34_21_WF_0017.JPG,34_21_WF_0018.JPG,34,21,Pine,WF,4,9/29/19,1/26/20,12/14/19,Herbivore
2667,39906301,1,DEERWHITETAILED,34_21_WF_0022.JPG,34_21_WF_0023.JPG,34_21_WF_0024.JPG,34,21,Pine,WF,4,9/29/19,1/26/20,12/14/19,Herbivore
2668,39906302,1,DEERWHITETAILED,34_21_WF_0025.JPG,34_21_WF_0026.JPG,34_21_WF_0027.JPG,34,21,Pine,WF,4,9/29/19,1/26/20,12/14/19,Herbivore
2669,39906303,1,DEERWHITETAILED,34_21_WF_0028.JPG,34_21_WF_0029.JPG,34_21_WF_0030.JPG,34,21,Pine,WF,4,9/29/19,1/26/20,12/14/19,Herbivore
2670,39906304,1,DEERWHITETAILED,34_21_WF_0031.JPG,34_21_WF_0032.JPG,34_21_WF_0033.JPG,34,21,Pine,WF,4,9/29/19,1/26/20,12/14/19,Herbivore
2672,39906306,1,DEERWHITETAILED,34_21_WF_0040.JPG,34_21_WF_0041.JPG,34_21_WF_0042.JPG,34,21,Pine,WF,4,9/29/19,1/26/20,12/14/19,Herbivore
2674,39906309,1,DEERWHITETAILED,34_21_WF_0046.JPG,34_21_WF_0047.JPG,34_21_WF_0048.JPG,34,21,Pine,WF,4,9/29/19,1/26/20,12/14/19,Herbivore
2675,39906310,1,DEERWHITETAILED,34_21_WF_0049.JPG,34_21_WF_0050.JPG,34_21_WF_0051.JPG,34,21,Pine,WF,4,9/29/19,1/26/20,12/14/19,Herbivore
2678,39906321,1,DEERWHITETAILED,34_21_WF_0058.JPG,34_21_WF_0059.JPG,34_21_WF_0060.JPG,34,21,Pine,WF,4,9/29/19,1/26/20,12/14/19,Herbivore
2679,39906330,1,DEERWHITETAILED,34_21_WF_0061.JPG,34_21_WF_0062.JPG,34_21_WF_0063.JPG,34,21,Pine,WF,4,9/29/19,1/26/20,12/14/19,Herbivore
2685,39906364,1,DEERWHITETAILED,34_21_WF_0079.JPG,34_21_WF_0080.JPG,34_21_WF_0081.JPG,34,21,Pine,WF,4,9/29/19,1/26/20,12/14/19,Herbivore
2686,39906365,1,DEERWHITETAILED,34_21_WF_0082.JPG,34_21_WF_0083.JPG,34_21_WF_0084.JPG,34,21,Pine,WF,4,9/29/19,1/26/20,12/14/19,Herbivore
2687,39906367,1,DEERWHITETAILED,34_21_WF_0085.JPG,34_21_WF_0086.JPG,34_21_WF_0087.JPG,34,21,Pine,WF,4,9/29/19,1/26/20,12/14/19,Herbivore
2688,39906368,1,DEERWHITETAILED,34_21_WF_0088.JPG,34_21_WF_0089.JPG,34_21_WF_0090.JPG,34,21,Pine,WF,4,9/29/19,1/26/20,12/14/19,Herbivore
2689,39906369,1,DEERWHITETAILED,34_21_WF_0091.JPG,34_21_WF_0092.JPG,34_21_WF_0093.JPG,34,21,Pine,WF,4,9/29/19,1/26/20,12/14/19,Herbivore
2690,39906370,1,DEERWHITETAILED,34_21_WF_0094.JPG,34_21_WF_0095.JPG,34_21_WF_0096.JPG,34,21,Pine,WF,4,9/29/19,1/26/20,12/14/19,Herbivore
2691,39906371,1,DEERWHITETAILED,34_21_WF_0097.JPG,34_21_WF_0098.JPG,34_21_WF_0099.JPG,34,21,Pine,WF,4,9/29/19,1/26/20,12/14/19,Herbivore
2692,39906372,1,DEERWHITETAILED,34_21_WF_0100.JPG,34_21_WF_0101.JPG,34_21_WF_0102.JPG,34,21,Pine,WF,4,9/29/19,1/26/20,12/14/19,Herbivore
2693,39906373,1,DEERWHITETAILED,34_21_WF_0103.JPG,34_21_WF_0104.JPG,34_21_WF_0105.JPG,34,21,Pine,WF,4,9/29/19,1/26/20,12/14/19,Herbivore
2694,39906374,1,DEERWHITETAILED,34_21_WF_0106.JPG,34_21_WF_0107.JPG,34_21_WF_0108.JPG,34,21,Pine,WF,4,9/29/19,1/26/20,12/14/19,Herbivore
2697,39906408,1,DEERWHITETAILED,34_21_WF_0115.JPG,34_21_WF_0116.JPG,34_21_WF_0117.JPG,34,21,Pine,WF,4,9/29/19,1/26/20,12/14/19,Herbivore
2698,39906409,1,DEERWHITETAILED,34_21_WF_0118.JPG,34_21_WF_0119.JPG,34_21_WF_0120.JPG,34,21,Pine,WF,4,9/29/19,1/26/20,12/14/19,Herbivore
2701,39906420,1,DEERWHITETAILED,34_21_WF_0127.JPG,34_21_WF_0128.JPG,34_21_WF_0129.JPG,34,21,Pine,WF,4,9/29/19,1/26/20,12/14/19,Herbivore
2702,39906421,1,DEERWHITETAILED,34_21_WF_0130.JPG,34_21_WF_0131.JPG,34_21_WF_0132.JPG,34,21,Pine,WF,4,9/29/19,1/26/20,12/14/19,Herbivore
2703,39906422,1,DEERWHITETAILED,34_21_WF_0133.JPG,34_21_WF_0134.JPG,34_21_WF_0135.JPG,34,21,Pine,WF,4,9/29/19,1/26/20,12/14/19,Herbivore
2704,39906438,1,DEERWHITETAILED,34_21_WF_0136.JPG,34_21_WF_0137.JPG,34_21_WF_0138.JPG,34,21,Pine,WF,4,9/29/19,1/26/20,12/14/19,Herbivore
2705,39906439,1,DEERWHITETAILED,34_21_WF_0139.JPG,34_21_WF_0140.JPG,34_21_WF_0141.JPG,34,21,Pine,WF,4,9/29/19,1/26/20,12/14/19,Herbivore
2707,39906446,1,DEERWHITETAILED,34_21_WF_0145.JPG,34_21_WF_0146.JPG,34_21_WF_0147.JPG,34,21,Pine,WF,4,9/29/19,1/26/20,12/14/19,Herbivore
2708,39906447,1,DEERWHITETAILED,34_21_WF_0148.JPG,34_21_WF_0149.JPG,34_21_WF_0150.JPG,34,21,Pine,WF,4,9/29/19,1/26/20,12/14/19,Herbivore
2709,39906449,1,DEERWHITETAILED,34_21_WF_0151.JPG,34_21_WF_0152.JPG,34_21_WF_0153.JPG,34,21,Pine,WF,4,9/29/19,1/26/20,12/14/19,Herbivore
2711,39906453,1,DEERWHITETAILED,34_21_WF_0160.JPG,34_21_WF_0161.JPG,34_21_WF_0162.JPG,34,21,Pine,WF,4,9/29/19,1/26/20,12/14/19,Herbivore
2712,39906454,2,DEERWHITETAILED,34_21_WF_0163.JPG,34_21_WF_0164.JPG,34_21_WF_0165.JPG,34,21,Pine,WF,4,9/29/19,1/26/20,12/14/19,Herbivore
2713,39906455,1,DEERWHITETAILED,34_21_WF_0169.JPG,34_21_WF_0170.JPG,34_21_WF_0171.JPG,34,21,Pine,WF,4,9/29/19,1/26/20,12/14/19,Herbivore
2715,39906464,1,DEERWHITETAILED,34_21_WF_0175.JPG,34_21_WF_0176.JPG,34_21_WF_0177.JPG,34,21,Pine,WF,4,9/29/19,1/26/20,12/14/19,Herbivore
2716,39906465,1,DEERWHITETAILED,34_21_WF_0178.JPG,34_21_WF_0179.JPG,34_21_WF_0180.JPG,34,21,Pine,WF,4,9/29/19,1/26/20,12/14/19,Herbivore
2717,39906466,1,DEERWHITETAILED,34_21_WF_0181.JPG,34_21_WF_0182.JPG,34_21_WF_0183.JPG,34,21,Pine,WF,4,9/29/19,1/26/20,12/14/19,Herbivore
2718,39906467,1,DEERWHITETAILED,34_21_WF_0187.JPG,34_21_WF_0188.JPG,34_21_WF_0189.JPG,34,21,Pine,WF,4,9/29/19,1/26/20,12/14/19,Herbivore
2721,39906482,1,DEERWHITETAILED,34_21_WF_0202.JPG,34_21_WF_0203.JPG,34_21_WF_0204.JPG,34,21,Pine,WF,4,9/29/19,1/26/20,12/14/19,Herbivore
2722,39906485,1,DEERWHITETAILED,34_21_WF_0205.JPG,34_21_WF_0206.JPG,34_21_WF_0207.JPG,34,21,Pine,WF,4,9/29/19,1/26/20,12/14/19,Herbivore
2723,39906486,1,DEERWHITETAILED,34_21_WF_0208.JPG,34_21_WF_0209.JPG,34_21_WF_0210.JPG,34,21,Pine,WF,4,9/29/19,1/26/20,12/14/19,Herbivore
2724,39906487,1,DEERWHITETAILED,34_21_WF_0211.JPG,34_21_WF_0212.JPG,34_21_WF_0213.JPG,34,21,Pine,WF,4,9/29/19,1/26/20,12/14/19,Herbivore
2725,39906488,1,DEERWHITETAILED,34_21_WF_0214.JPG,34_21_WF_0215.JPG,34_21_WF_0216.JPG,34,21,Pine,WF,4,9/29/19,1/26/20,12/14/19,Herbivore
2726,39906489,1,DEERWHITETAILED,34_21_WF_0217.JPG,34_21_WF_0218.JPG,34_21_WF_0219.JPG,34,21,Pine,WF,4,9/29/19,1/26/20,12/14/19,Herbivore
2727,39906490,1,DEERWHITETAILED,34_21_WF_0223.JPG,34_21_WF_0224.JPG,34_21_WF_0225.JPG,34,21,Pine,WF,4,9/29/19,1/26/20,12/14/19,Herbivore
2728,39906491,1,DEERWHITETAILED,34_21_WF_0229.JPG,34_21_WF_0230.JPG,34_21_WF_0231.JPG,34,21,Pine,WF,4,9/29/19,1/26/20,12/14/19,Herbivore
2729,39906492,1,DEERWHITETAILED,34_21_WF_0232.JPG,34_21_WF_0233.JPG,34_21_WF_0234.JPG,34,21,Pine,WF,4,9/29/19,1/26/20,12/14/19,Herbivore
2730,39906493,1,DEERWHITETAILED,34_21_WF_0235.JPG,34_21_WF_0236.JPG,34_21_WF_0237.JPG,34,21,Pine,WF,4,9/29/19,1/26/20,12/14/19,Herbivore
2731,39906494,1,DEERWHITETAILED,34_21_WF_0238.JPG,34_21_WF_0239.JPG,34_21_WF_0240.JPG,34,21,Pine,WF,4,9/29/19,1/26/20,12/14/19,Herbivore
2732,39906495,1,DEERWHITETAILED,34_21_WF_0241.JPG,34_21_WF_0242.JPG,34_21_WF_0243.JPG,34,21,Pine,WF,4,9/29/19,1/26/20,12/14/19,Herbivore
2733,39906496,1,DEERWHITETAILED,34_21_WF_0244.JPG,34_21_WF_0245.JPG,34_21_WF_0246.JPG,34,21,Pine,WF,4,9/29/19,1/26/20,12/14/19,Herbivore
2734,39906497,1,DEERWHITETAILED,34_21_WF_0247.JPG,34_21_WF_0248.JPG,34_21_WF_0249.JPG,34,21,Pine,WF,4,9/29/19,1/26/20,12/14/19,Herbivore
2735,39906498,1,DEERWHITETAILED,34_21_WF_0253.JPG,34_21_WF_0254.JPG,34_21_WF_0255.JPG,34,21,Pine,WF,4,9/29/19,1/26/20,12/14/19,Herbivore
2737,39906500,1,DEERWHITETAILED,34_21_WF_0259.JPG,34_21_WF_0260.JPG,34_21_WF_0261.JPG,34,21,Pine,WF,4,9/29/19,1/26/20,12/14/19,Herbivore
2738,39906501,1,DEERWHITETAILED,34_21_WF_0262.JPG,34_21_WF_0263.JPG,34_21_WF_0264.JPG,34,21,Pine,WF,4,9/29/19,1/26/20,12/14/19,Herbivore
2739,39906502,1,DEERWHITETAILED,34_21_WF_0265.JPG,34_21_WF_0266.JPG,34_21_WF_0267.JPG,34,21,Pine,WF,4,9/29/19,1/26/20,12/14/19,Herbivore
2740,39906504,1,DEERWHITETAILED,34_21_WF_0271.JPG,34_21_WF_0272.JPG,34_21_WF_0273.JPG,34,21,Pine,WF,4,9/29/19,1/26/20,12/14/19,Herbivore
2741,39906505,1,DEERWHITETAILED,34_21_WF_0274.JPG,34_21_WF_0275.JPG,34_21_WF_0276.JPG,34,21,Pine,WF,4,9/29/19,1/26/20,12/14/19,Herbivore
2742,39906506,1,DEERWHITETAILED,34_21_WF_0277.JPG,34_21_WF_0278.JPG,34_21_WF_0279.JPG,34,21,Pine,WF,4,9/29/19,1/26/20,12/14/19,Herbivore
2743,39906507,1,DEERWHITETAILED,34_21_WF_0280.JPG,34_21_WF_0281.JPG,34_21_WF_0282.JPG,34,21,Pine,WF,4,9/29/19,1/26/20,12/14/19,Herbivore
2744,39906508,1,DEERWHITETAILED,34_21_WF_0283.JPG,34_21_WF_0284.JPG,34_21_WF_0285.JPG,34,21,Pine,WF,4,9/29/19,1/26/20,12/14/19,Herbivore
2745,39906509,1,DEERWHITETAILED,34_21_WF_0289.JPG,34_21_WF_0290.JPG,34_21_WF_0291.JPG,34,21,Pine,WF,4,9/29/19,1/26/20,12/14/19,Herbivore
2746,39906510,1,DEERWHITETAILED,34_21_WF_0292.JPG,34_21_WF_0293.JPG,34_21_WF_0294.JPG,34,21,Pine,WF,4,9/29/19,1/26/20,12/14/19,Herbivore
2747,39906511,1,DEERWHITETAILED,34_21_WF_0295.JPG,34_21_WF_0296.JPG,34_21_WF_0297.JPG,34,21,Pine,WF,4,9/29/19,1/26/20,12/14/19,Herbivore
2748,39906512,1,DEERWHITETAILED,34_21_WF_0298.JPG,34_21_WF_0299.JPG,34_21_WF_0300.JPG,34,21,Pine,WF,4,9/29/19,1/26/20,12/14/19,Herbivore
2749,39906513,1,DEERWHITETAILED,34_21_WF_0301.JPG,34_21_WF_0302.JPG,34_21_WF_0303.JPG,34,21,Pine,WF,4,9/29/19,1/26/20,12/14/19,Herbivore
2750,39906515,1,DEERWHITETAILED,34_21_WF_0304.JPG,34_21_WF_0305.JPG,34_21_WF_0306.JPG,34,21,Pine,WF,4,9/29/19,1/26/20,12/14/19,Herbivore
2751,39906517,1,DEERWHITETAILED,34_21_WF_0307.JPG,34_21_WF_0308.JPG,34_21_WF_0309.JPG,34,21,Pine,WF,4,9/29/19,1/26/20,12/14/19,Herbivore
2752,39906518,1,DEERWHITETAILED,34_21_WF_0310.JPG,34_21_WF_0311.JPG,34_21_WF_0312.JPG,34,21,Pine,WF,4,9/29/19,1/26/20,12/14/19,Herbivore
2755,39906532,1,DEERWHITETAILED,34_21_WF_0328.JPG,34_21_WF_0329.JPG,34_21_WF_0330.JPG,34,21,Pine,WF,4,9/29/19,1/26/20,12/14/19,Herbivore
2757,39906534,1,DEERWHITETAILED,34_21_WF_0340.JPG,34_21_WF_0341.JPG,34_21_WF_0342.JPG,34,21,Pine,WF,4,9/29/19,1/26/20,12/14/19,Herbivore
2758,39906535,1,DEERWHITETAILED,34_21_WF_0343.JPG,34_21_WF_0344.JPG,34_21_WF_0345.JPG,34,21,Pine,WF,4,9/29/19,1/26/20,12/14/19,Herbivore
2759,39906537,1,DEERWHITETAILED,34_21_WF_0346.JPG,34_21_WF_0347.JPG,34_21_WF_0348.JPG,34,21,Pine,WF,4,9/29/19,1/26/20,12/14/19,Herbivore
2760,39906538,1,DEERWHITETAILED,34_21_WF_0349.JPG,34_21_WF_0350.JPG,34_21_WF_0351.JPG,34,21,Pine,WF,4,9/29/19,1/26/20,12/14/19,Herbivore
2761,39906539,1,DEERWHITETAILED,34_21_WF_0352.JPG,34_21_WF_0353.JPG,34_21_WF_0354.JPG,34,21,Pine,WF,4,9/29/19,1/26/20,12/14/19,Herbivore
2766,40303362,1,DEERWHITETAILED,35_16_BC_0004.JPG,35_16_BC_0005.JPG,35_16_BC_0006.JPG,35,16,Deciduous,BC,4,10/19/19,2/2/20,12/19/19,Herbivore
2767,40303363,1,DEERWHITETAILED,35_16_BC_0007.JPG,35_16_BC_0008.JPG,35_16_BC_0009.JPG,35,16,Deciduous,BC,4,10/19/19,2/2/20,12/19/19,Herbivore
2768,40303364,1,DEERWHITETAILED,35_16_BC_0010.JPG,35_16_BC_0011.JPG,35_16_BC_0012.JPG,35,16,Deciduous,BC,4,10/19/19,2/2/20,12/19/19,Herbivore
2769,40303365,1,DEERWHITETAILED,35_16_BC_0013.JPG,35_16_BC_0014.JPG,35_16_BC_0015.JPG,35,16,Deciduous,BC,4,10/19/19,2/2/20,12/19/19,Herbivore
2770,40303366,1,DEERWHITETAILED,35_16_BC_0016.JPG,35_16_BC_0017.JPG,35_16_BC_0018.JPG,35,16,Deciduous,BC,4,10/19/19,2/2/20,12/19/19,Herbivore
2771,40303367,1,DEERWHITETAILED,35_16_BC_0019.JPG,35_16_BC_0020.JPG,35_16_BC_0021.JPG,35,16,Deciduous,BC,4,10/19/19,2/2/20,12/19/19,Herbivore
2772,40303368,1,DEERWHITETAILED,35_16_BC_0022.JPG,35_16_BC_0023.JPG,35_16_BC_0024.JPG,35,16,Deciduous,BC,4,10/19/19,2/2/20,12/19/19,Herbivore
2773,40303370,1,DEERWHITETAILED,35_16_BC_0025.JPG,35_16_BC_0026.JPG,35_16_BC_0027.JPG,35,16,Deciduous,BC,4,10/19/19,2/2/20,12/19/19,Herbivore
2774,40303371,1,DEERWHITETAILED,35_16_BC_0028.JPG,35_16_BC_0029.JPG,35_16_BC_0030.JPG,35,16,Deciduous,BC,4,10/19/19,2/2/20,12/19/19,Herbivore
2775,40303381,1,DEERWHITETAILED,35_16_BC_0034.JPG,35_16_BC_0035.JPG,35_16_BC_0036.JPG,35,16,Deciduous,BC,4,10/19/19,2/2/20,12/19/19,Herbivore
2778,40303391,1,DEERWHITETAILED,35_16_BC_0049.JPG,35_16_BC_0050.JPG,35_16_BC_0051.JPG,35,16,Deciduous,BC,4,10/19/19,2/2/20,12/19/19,Herbivore
2779,40303392,2,DEERWHITETAILED,35_16_BC_0052.JPG,35_16_BC_0053.JPG,35_16_BC_0054.JPG,35,16,Deciduous,BC,4,10/19/19,2/2/20,12/19/19,Herbivore
2780,40303393,1,DEERWHITETAILED,35_16_BC_0055.JPG,35_16_BC_0056.JPG,35_16_BC_0057.JPG,35,16,Deciduous,BC,4,10/19/19,2/2/20,12/19/19,Herbivore
2781,40303394,1,DEERWHITETAILED,35_16_BC_0058.JPG,35_16_BC_0059.JPG,35_16_BC_0060.JPG,35,16,Deciduous,BC,4,10/19/19,2/2/20,12/19/19,Herbivore
2782,40303395,1,DEERWHITETAILED,35_16_BC_0064.JPG,35_16_BC_0065.JPG,35_16_BC_0066.JPG,35,16,Deciduous,BC,4,10/19/19,2/2/20,12/19/19,Herbivore
2783,40303400,1,DEERWHITETAILED,35_16_BC_0076.JPG,35_16_BC_0077.JPG,35_16_BC_0078.JPG,35,16,Deciduous,BC,4,10/19/19,2/2/20,12/19/19,Herbivore
2784,40303402,1,DEERWHITETAILED,35_16_BC_0082.JPG,35_16_BC_0083.JPG,35_16_BC_0084.JPG,35,16,Deciduous,BC,4,10/19/19,2/2/20,12/19/19,Herbivore
2786,40303404,1,DEERWHITETAILED,35_16_BC_0089 2.JPG,35_16_BC_0089.JPG,35_16_BC_0090.JPG,35,16,Deciduous,BC,4,10/19/19,2/2/20,12/19/19,Herbivore
2787,40303405,1,DEERWHITETAILED,35_16_BC_0091.JPG,35_16_BC_0092.JPG,35_16_BC_0093.JPG,35,16,Deciduous,BC,4,10/19/19,2/2/20,12/19/19,Herbivore
2790,40303416,1,DEERWHITETAILED,35_16_BC_0103.JPG,35_16_BC_0104.JPG,35_16_BC_0105.JPG,35,16,Deciduous,BC,4,10/19/19,2/2/20,12/19/19,Herbivore
2791,40303417,1,DEERWHITETAILED,35_16_BC_0106.JPG,35_16_BC_0107.JPG,35_16_BC_0108.JPG,35,16,Deciduous,BC,4,10/19/19,2/2/20,12/19/19,Herbivore
2793,40303420,1,DEERWHITETAILED,35_16_BC_0112.JPG,35_16_BC_0113.JPG,35_16_BC_0114.JPG,35,16,Deciduous,BC,4,10/19/19,2/2/20,12/19/19,Herbivore
2795,40303422,1,DEERWHITETAILED,35_16_BC_0118.JPG,35_16_BC_0119.JPG,35_16_BC_0120.JPG,35,16,Deciduous,BC,4,10/19/19,2/2/20,12/19/19,Herbivore
2796,40303424,1,DEERWHITETAILED,35_16_BC_0121.JPG,35_16_BC_0122.JPG,35_16_BC_0123.JPG,35,16,Deciduous,BC,4,10/19/19,2/2/20,12/19/19,Herbivore
2797,40303425,1,DEERWHITETAILED,35_16_BC_0124.JPG,35_16_BC_0125.JPG,35_16_BC_0126.JPG,35,16,Deciduous,BC,4,10/19/19,2/2/20,12/19/19,Herbivore
2798,40303426,1,DEERWHITETAILED,35_16_BC_0127.JPG,35_16_BC_0128.JPG,35_16_BC_0129.JPG,35,16,Deciduous,BC,4,10/19/19,2/2/20,12/19/19,Herbivore
2799,40303427,1,DEERWHITETAILED,35_16_BC_0130.JPG,35_16_BC_0131.JPG,35_16_BC_0132.JPG,35,16,Deciduous,BC,4,10/19/19,2/2/20,12/19/19,Herbivore
2802,39906298,1,DEERWHITETAILED,36_32_WF_0013.JPG,36_32_WF_0014.JPG,36_32_WF_0015.JPG,36,32,Pine,WF,4,9/29/19,1/26/20,12/18/19,Herbivore
2807,39906313,1,DEERWHITETAILED,36_32_WF_0028.JPG,36_32_WF_0029.JPG,36_32_WF_0030.JPG,36,32,Pine,WF,4,9/29/19,1/26/20,12/18/19,Herbivore
2892,39906436,1,DEERWHITETAILED,36_32_WF_0319.JPG,36_32_WF_0320.JPG,36_32_WF_0321.JPG,36,32,Pine,WF,4,9/29/19,1/26/20,12/18/19,Herbivore
2902,39906461,1,DEERWHITETAILED,36_32_WF_0358.JPG,36_32_WF_0359.JPG,36_32_WF_0360.JPG,36,32,Pine,WF,4,9/29/19,1/26/20,12/18/19,Herbivore
2903,39906462,1,DEERWHITETAILED,36_32_WF_0361.JPG,36_32_WF_0362.JPG,36_32_WF_0363.JPG,36,32,Pine,WF,4,9/29/19,1/26/20,12/18/19,Herbivore
2905,39906468,1,DEERWHITETAILED,36_32_WF_0367.JPG,36_32_WF_0368.JPG,36_32_WF_0369.JPG,36,32,Pine,WF,4,9/29/19,1/26/20,12/18/19,Herbivore
2906,39906472,1,DEERWHITETAILED,36_32_WF_0370.JPG,36_32_WF_0371.JPG,36_32_WF_0372.JPG,36,32,Pine,WF,4,9/29/19,1/26/20,12/18/19,Herbivore
2910,39906478,2,DEERWHITETAILED,36_32_WF_0385.JPG,36_32_WF_0386.JPG,36_32_WF_0387.JPG,36,32,Pine,WF,4,9/29/19,1/26/20,12/18/19,Herbivore
2911,39906480,1,DEERWHITETAILED,36_32_WF_0391.JPG,36_32_WF_0392.JPG,36_32_WF_0393.JPG,36,32,Pine,WF,4,9/29/19,1/26/20,12/18/19,Herbivore
2912,39906481,1,DEERWHITETAILED,36_32_WF_0394.JPG,36_32_WF_0395.JPG,36_32_WF_0396.JPG,36,32,Pine,WF,4,9/29/19,1/26/20,12/18/19,Herbivore
2913,39906483,1,DEERWHITETAILED,36_32_WF_0397.JPG,36_32_WF_0398.JPG,36_32_WF_0399.JPG,36,32,Pine,WF,4,9/29/19,1/26/20,12/18/19,Herbivore
2916,39906514,1,DEERWHITETAILED,36_32_WF_0406.JPG,36_32_WF_0407.JPG,36_32_WF_0408.JPG,36,32,Pine,WF,4,9/29/19,1/26/20,12/18/19,Herbivore
2920,39906522,1,DEERWHITETAILED,36_32_WF_0418.JPG,36_32_WF_0419.JPG,36_32_WF_0420.JPG,36,32,Pine,WF,4,9/29/19,1/26/20,12/18/19,Herbivore
2921,39906523,1,DEERWHITETAILED,36_32_WF_0421.JPG,36_32_WF_0422.JPG,36_32_WF_0423.JPG,36,32,Pine,WF,4,9/29/19,1/26/20,12/18/19,Herbivore
2927,39906542,1,DEERWHITETAILED,36_32_WF_0439.JPG,36_32_WF_0440.JPG,36_32_WF_0441.JPG,36,32,Pine,WF,4,9/29/19,1/26/20,12/18/19,Herbivore
2931,39906547,1,DEERWHITETAILED,36_32_WF_0451.JPG,36_32_WF_0452.JPG,36_32_WF_0453.JPG,36,32,Pine,WF,4,9/29/19,1/26/20,12/18/19,Herbivore
2932,39906548,1,DEERWHITETAILED,36_32_WF_0454.JPG,36_32_WF_0455.JPG,36_32_WF_0456.JPG,36,32,Pine,WF,4,9/29/19,1/26/20,12/18/19,Herbivore
2936,39638674,1,DEERWHITETAILED,37_31_DEG_0001.JPG,37_31_DEG_0002.JPG,NA,37,31,Pine,DEG,4,9/27/19,11/17/19,11/17/19,Herbivore
2944,39638796,2,DEERWHITETAILED,37_31_DEG_0031.JPG,37_31_DEG_0032.JPG,37_31_DEG_0033.JPG,37,31,Pine,DEG,4,9/27/19,11/17/19,11/17/19,Herbivore
2960,39639114,2,DEERWHITETAILED,37_31_DEG_0094.JPG,37_31_DEG_0095.JPG,37_31_DEG_0096.JPG,37,31,Pine,DEG,4,9/27/19,11/17/19,11/17/19,Herbivore
2966,39639227,1,DEERWHITETAILED,37_31_DEG_0115.JPG,37_31_DEG_0116.JPG,37_31_DEG_0117.JPG,37,31,Pine,DEG,4,9/27/19,11/17/19,11/17/19,Herbivore
2984,39639804,1,DEERWHITETAILED,37_31_DEG_0181.JPG,37_31_DEG_0182.JPG,37_31_DEG_0183.JPG,37,31,Pine,DEG,4,9/27/19,11/17/19,11/17/19,Herbivore
2985,39639810,1,DEERWHITETAILED,37_31_DEG_0184.JPG,37_31_DEG_0185.JPG,37_31_DEG_0186.JPG,37,31,Pine,DEG,4,9/27/19,11/17/19,11/17/19,Herbivore
2986,39639811,1,DEERWHITETAILED,37_31_DEG_0187.JPG,37_31_DEG_0188.JPG,37_31_DEG_0189.JPG,37,31,Pine,DEG,4,9/27/19,11/17/19,11/17/19,Herbivore
2988,39639869,1,DEERWHITETAILED,37_31_DEG_0193.JPG,37_31_DEG_0194.JPG,37_31_DEG_0195.JPG,37,31,Pine,DEG,4,9/27/19,11/17/19,11/17/19,Herbivore
2989,39639870,2,DEERWHITETAILED,37_31_DEG_0196.JPG,37_31_DEG_0197.JPG,37_31_DEG_0198.JPG,37,31,Pine,DEG,4,9/27/19,11/17/19,11/17/19,Herbivore
2990,39639871,1,DEERWHITETAILED,37_31_DEG_0199.JPG,37_31_DEG_0200.JPG,37_31_DEG_0201.JPG,37,31,Pine,DEG,4,9/27/19,11/17/19,11/17/19,Herbivore
2991,39639891,1,DEERWHITETAILED,37_31_DEG_0202.JPG,37_31_DEG_0203.JPG,37_31_DEG_0204.JPG,37,31,Pine,DEG,4,9/27/19,11/17/19,11/17/19,Herbivore
2992,39639928,1,DEERWHITETAILED,37_31_DEG_0208.JPG,37_31_DEG_0209.JPG,37_31_DEG_0210.JPG,37,31,Pine,DEG,4,9/27/19,11/17/19,11/17/19,Herbivore
6,39638804,2,FISHER,01_23_DEG_000016.JPG,01_23_DEG_000017.JPG,01_23_DEG_000018.JPG,1,23,Pine,DEG,4,9/27/19,11/17/19,11/17/19,Mesocarnivore
39,39639875,1,FISHER,01_23_DEG_000133.JPG,01_23_DEG_000134.JPG,01_23_DEG_000135.JPG,1,23,Pine,DEG,4,9/27/19,11/17/19,11/17/19,Mesocarnivore
44,39639954,1,FISHER,01_23_DEG_000154.JPG,01_23_DEG_000155.JPG,01_23_DEG_000156.JPG,1,23,Pine,DEG,4,9/27/19,11/17/19,11/17/19,Mesocarnivore
56,37156530,1,FISHER,02_42_WHIP_000007.JPG,02_42_WHIP_000008.JPG,02_42_WHIP_000009.JPG,2,42,Pine,WHIP,2,1/24/19,5/13/19,4/22/19,Mesocarnivore
187,37156631,1,FISHER,04_36_WF_000088.JPG,04_36_WF_000089.JPG,NA,4,36,Pine,WF,2,1/31/19,5/15/19,3/26/19,Mesocarnivore
188,37156632,1,FISHER,04_36_WF_000091.JPG,04_36_WF_000092.JPG,04_36_WF_000093.JPG,4,36,Pine,WF,2,1/31/19,5/15/19,3/26/19,Mesocarnivore
198,37156643,1,FISHER,04_36_WF_000127.JPG,04_36_WF_000128.JPG,04_36_WF_000129.JPG,4,36,Pine,WF,2,1/31/19,5/15/19,3/26/19,Mesocarnivore
290,39638715,1,FISHER,07_42_WHIP_000037.JPG,07_42_WHIP_000038.JPG,07_42_WHIP_000039.JPG,7,42,Pine,WHIP,4,9/27/19,11/12/19,11/11/19,Mesocarnivore
317,39639057,1,FISHER,07_42_WHIP_000134.JPG,07_42_WHIP_000133.JPG,07_42_WHIP_000135.JPG,7,42,Pine,WHIP,4,9/27/19,11/12/19,11/11/19,Mesocarnivore
417,31428374,1,FISHER,11_13_BC_000181.JPG,11_13_BC_000182.JPG,11_13_BC_000183.JPG,11,13,Deciduous,BC,1,11/15/18,3/4/19,3/4/19,Mesocarnivore
439,37161880,1,FISHER,14_05_DON_000004.JPG,14_05_DON_000005.JPG,14_05_DON_000006.JPG,14,5,Deciduous,DON,2,2/28/19,5/16/19,4/22/19,Mesocarnivore
504,37822390,1,FISHER,14_17_WF_000859.JPG,14_17_WF_000860.JPG,14_17_WF_000861.JPG,14,17,Pine,WF,3,5/15/19,9/3/19,9/3/19,Mesocarnivore
647,39639592,1,FISHER,15_06_SH_000298.JPG,15_06_SH_000299.JPG,15_06_SH_000300.JPG,15,6,Deciduous,SH,4,9/20/19,12/7/19,12/7/19,Mesocarnivore
752,39640037,1,FISHER,15_06_SH_000619.JPG,15_06_SH_000620.JPG,15_06_SH_000621.JPG,15,6,Deciduous,SH,4,9/20/19,12/7/19,12/7/19,Mesocarnivore
755,39640048,1,FISHER,15_06_SH_000629.JPG,15_06_SH_000628.JPG,15_06_SH_000630.JPG,15,6,Deciduous,SH,4,9/20/19,12/7/19,12/7/19,Mesocarnivore
922,37161903,1,FISHER,15_35_DEG_000004.JPG,15_35_DEG_000005.JPG,15_35_DEG_000006.JPG,15,35,Pine,DEG,2,2/7/19,5/16/19,5/16/19,Mesocarnivore
926,37161907,1,FISHER,15_35_DEG_000019.JPG,15_35_DEG_000020.JPG,15_35_DEG_000021.JPG,15,35,Pine,DEG,2,2/7/19,5/16/19,5/16/19,Mesocarnivore
951,37161941,1,FISHER,17_08_BC_000097.JPG,17_08_BC_000098.JPG,17_08_BC_000099.JPG,17,8,Deciduous,BC,2,3/4/19,5/11/19,5/11/19,Mesocarnivore
957,37161961,2,FISHER,17_08_BC_000169.JPG,17_08_BC_000170.JPG,17_08_BC_000171.JPG,17,8,Deciduous,BC,2,3/4/19,5/11/19,5/11/19,Mesocarnivore
965,37161987,2,FISHER,17_08_BC_000268.JPG,17_08_BC_000269.JPG,17_08_BC_000270.JPG,17,8,Deciduous,BC,2,3/4/19,5/11/19,5/11/19,Mesocarnivore
1053,39638749,1,FISHER,17_26_WHIP_000022.JPG,17_26_WHIP_000023.JPG,17_26_WHIP_000024.JPG,17,26,Pine,WHIP,4,9/27/19,11/15/19,11/15/19,Mesocarnivore
1056,39638899,1,FISHER,17_26_WHIP_000034.JPG,17_26_WHIP_000036.JPG,17_26_WHIP_000035.JPG,17,26,Pine,WHIP,4,9/27/19,11/15/19,11/15/19,Mesocarnivore
1092,31428621,1,FISHER,18_16_WHIP_000004.JPG,18_16_WHIP_000005.JPG,18_16_WHIP_000006.JPG,18,16,Pine,WHIP,1,12/18/18,1/24/19,1/24/19,Mesocarnivore
1104,31428633,1,FISHER,18_16_WHIP_000040.JPG,18_16_WHIP_000041.JPG,18_16_WHIP_000042.JPG,18,16,Pine,WHIP,1,12/18/18,1/24/19,1/24/19,Mesocarnivore
1198,41008460,1,FISHER,21_40_DON_0019.JPG,21_40_DON_0020.JPG,21_40_DON_0021.JPG,21,40,Deciduous,DON,4,9/17/19,11/15/19,9/28/19,Mesocarnivore
1199,41008461,1,FISHER,21_40_DON_0022.JPG,21_40_DON_0023.JPG,21_40_DON_0024.JPG,21,40,Deciduous,DON,4,9/17/19,11/15/19,9/28/19,Mesocarnivore
1210,31428704,2,FISHER,22_18_WF_0004.JPG,22_18_WF_0005.JPG,22_18_WF_0006.JPG,22,18,Pine,WF,1,11/17/18,1/31/19,1/28/19,Mesocarnivore
1212,31428706,1,FISHER,22_18_WF_0010.JPG,22_18_WF_0011.JPG,22_18_WF_0012.JPG,22,18,Pine,WF,1,11/17/18,1/31/19,1/28/19,Mesocarnivore
1213,31428707,2,FISHER,22_18_WF_0013.JPG,22_18_WF_0014.JPG,22_18_WF_0015.JPG,22,18,Pine,WF,1,11/17/18,1/31/19,1/28/19,Mesocarnivore
1214,31428708,1,FISHER,22_18_WF_0016.JPG,22_18_WF_0017.JPG,22_18_WF_0018.JPG,22,18,Pine,WF,1,11/17/18,1/31/19,1/28/19,Mesocarnivore
1215,31428709,2,FISHER,22_18_WF_0019.JPG,22_18_WF_0020.JPG,22_18_WF_0021.JPG,22,18,Pine,WF,1,11/17/18,1/31/19,1/28/19,Mesocarnivore
1220,31428714,2,FISHER,22_18_WF_0037.JPG,22_18_WF_0038.JPG,22_18_WF_0039.JPG,22,18,Pine,WF,1,11/17/18,1/31/19,1/28/19,Mesocarnivore
1225,31428719,1,FISHER,22_18_WF_0052.JPG,22_18_WF_0053.JPG,22_18_WF_0054.JPG,22,18,Pine,WF,1,11/17/18,1/31/19,1/28/19,Mesocarnivore
1232,31428726,1,FISHER,22_18_WF_0073.JPG,22_18_WF_0074.JPG,22_18_WF_0075.JPG,22,18,Pine,WF,1,11/17/18,1/31/19,1/28/19,Mesocarnivore
1244,31428739,2,FISHER,22_18_WF_0112.JPG,22_18_WF_0113.JPG,22_18_WF_0114.JPG,22,18,Pine,WF,1,11/17/18,1/31/19,1/28/19,Mesocarnivore
1245,31428740,1,FISHER,22_18_WF_0115.JPG,22_18_WF_0116.JPG,22_18_WF_0117.JPG,22,18,Pine,WF,1,11/17/18,1/31/19,1/28/19,Mesocarnivore
1601,37162244,1,FISHER,24_18_BC_0019.JPG,24_18_BC_0020.JPG,24_18_BC_0021.JPG,24,18,Deciduous,BC,2,3/4/19,5/11/19,5/11/19,Mesocarnivore
1921,31428930,2,FISHER,28_15_DEG_0008.JPG,28_15_DEG_0009.JPG,28_15_DEG_0010.JPG,28,15,Pine,DEG,1,11/26/18,2/7/19,2/7/19,Mesocarnivore
1963,31428936,1,FISHER,29_19_DEG_0007.JPG,29_19_DEG_0008.JPG,29_19_DEG_0009.JPG,29,19,Pine,DEG,1,11/26/18,2/7/19,2/1/19,Mesocarnivore
1975,31428948,1,FISHER,29_19_DEG_0046.JPG,29_19_DEG_0047.JPG,29_19_DEG_0048.JPG,29,19,Pine,DEG,1,11/26/18,2/7/19,2/1/19,Mesocarnivore
2351,37162565,1,FISHER,31_41_WHIP_0004.JPG,31_41_WHIP_0005.JPG,31_41_WHIP_0006.JPG,31,41,Pine,WHIP,2,1/24/19,5/13/19,2/18/19,Mesocarnivore
2416,31429139,1,FISHER,32_17_WHIP_0028.JPG,32_17_WHIP_0029.JPG,32_17_WHIP_0030.JPG,32,17,Pine,WHIP,1,12/17/18,1/24/19,1/24/19,Mesocarnivore
2455,37822304,1,FISHER,32_26_WF_0292.JPG,32_26_WF_0293.JPG,32_26_WF_0294.JPG,32,26,Pine,WF,3,5/15/19,9/3/19,8/9/19,Mesocarnivore
2463,37162574,2,FISHER,32_39_WHIP_0007.JPG,32_39_WHIP_0008.JPG,32_39_WHIP_0009.JPG,32,39,Pine,WHIP,2,1/24/19,5/13/19,2/15/19,Mesocarnivore
2469,31429161,2,FISHER,33_01_WF_0019.JPG,33_01_WF_0020.JPG,33_01_WF_0021.JPG,33,1,Pine,WF,1,11/17/18,1/31/19,1/31/19,Mesocarnivore
2483,31429177,1,FISHER,33_01_WF_0070.JPG,33_01_WF_0071.JPG,33_01_WF_0072.JPG,33,1,Pine,WF,1,11/17/18,1/31/19,1/31/19,Mesocarnivore
2497,31429192,1,FISHER,33_01_WF_0118.JPG,33_01_WF_0119.JPG,33_01_WF_0120.JPG,33,1,Pine,WF,1,11/17/18,1/31/19,1/31/19,Mesocarnivore
2500,31429195,2,FISHER,33_01_WF_0127.JPG,33_01_WF_0128.JPG,33_01_WF_0129.JPG,33,1,Pine,WF,1,11/17/18,1/31/19,1/31/19,Mesocarnivore
2611,37822477,1,FISHER,33_23_DON_0601.JPG,33_23_DON_0602.JPG,33_23_DON_0603.JPG,33,23,Deciduous,DON,3,5/16/19,9/7/19,8/20/19,Mesocarnivore
2639,39638838,1,FISHER,33_38_DEG_0043.JPG,33_38_DEG_0044.JPG,33_38_DEG_0045.JPG,33,38,Pine,DEG,4,9/27/19,11/17/19,11/10/19,Mesocarnivore
2641,39638924,1,FISHER,33_38_DEG_0049.JPG,33_38_DEG_0050.JPG,33_38_DEG_0051.JPG,33,38,Pine,DEG,4,9/27/19,11/17/19,11/10/19,Mesocarnivore
2843,39906375,1,FISHER,36_32_WF_0163.JPG,36_32_WF_0164.JPG,36_32_WF_0165.JPG,36,32,Pine,WF,4,9/29/19,1/26/20,12/18/19,Mesocarnivore
2943,39638791,1,FISHER,37_31_DEG_0028.JPG,37_31_DEG_0029.JPG,37_31_DEG_0030.JPG,37,31,Pine,DEG,4,9/27/19,11/17/19,11/17/19,Mesocarnivore
2945,39638798,1,FISHER,37_31_DEG_0034.JPG,37_31_DEG_0035.JPG,37_31_DEG_0036.JPG,37,31,Pine,DEG,4,9/27/19,11/17/19,11/17/19,Mesocarnivore
2987,39639838,1,FISHER,37_31_DEG_0190.JPG,37_31_DEG_0191.JPG,37_31_DEG_0192.JPG,37,31,Pine,DEG,4,9/27/19,11/17/19,11/17/19,Mesocarnivore
2994,39639939,1,FISHER,37_31_DEG_0214.JPG,37_31_DEG_0215.JPG,37_31_DEG_0216.JPG,37,31,Pine,DEG,4,9/27/19,11/17/19,11/17/19,Mesocarnivore
232,37820201,1,FOXRED,06_41_DON_05210019.JPG,06_41_DON_05210020.JPG,NA,6,41,Deciduous,DON,3,5/16/19,9/7/19,9/6/19,Mesocarnivore
438,37161879,1,FOXRED,14_05_DON_000001.JPG,14_05_DON_000002.JPG,14_05_DON_000003.JPG,14,5,Deciduous,DON,2,2/28/19,5/16/19,4/22/19,Mesocarnivore
440,37161881,1,FOXRED,14_05_DON_000007.JPG,14_05_DON_000008.JPG,14_05_DON_000009.JPG,14,5,Deciduous,DON,2,2/28/19,5/16/19,4/22/19,Mesocarnivore
441,37161882,1,FOXRED,14_05_DON_000010.JPG,14_05_DON_000011.JPG,14_05_DON_000012.JPG,14,5,Deciduous,DON,2,2/28/19,5/16/19,4/22/19,Mesocarnivore
539,31428442,1,FOXRED,14_22_DON_000100.JPG,14_22_DON_000101.JPG,14_22_DON_000102.JPG,14,22,Deciduous,DON,1,12/13/18,2/25/19,2/25/19,Mesocarnivore
542,31428446,1,FOXRED,14_22_DON_000112.JPG,14_22_DON_000113.JPG,14_22_DON_000114.JPG,14,22,Deciduous,DON,1,12/13/18,2/25/19,2/25/19,Mesocarnivore
548,39638792,1,FOXRED,14_25_DON_000010.JPG,14_25_DON_000011.JPG,14_25_DON_000012.JPG,14,25,Deciduous,DON,4,9/17/19,11/6/19,11/6/19,Mesocarnivore
550,39639352,1,FOXRED,14_25_DON_000016.JPG,14_25_DON_000017.JPG,14_25_DON_000018.JPG,14,25,Deciduous,DON,4,9/17/19,11/6/19,11/6/19,Mesocarnivore
847,37820247,1,FOXRED,15_16_WHIP_000031.JPG,15_16_WHIP_000032.JPG,15_16_WHIP_000033.JPG,15,16,Pine,WHIP,3,5/13/19,9/4/19,9/3/19,Mesocarnivore
873,37821593,1,FOXRED,15_16_WHIP_000142.JPG,15_16_WHIP_000143.JPG,15_16_WHIP_000144.JPG,15,16,Pine,WHIP,3,5/13/19,9/4/19,9/3/19,Mesocarnivore
1054,39638794,1,FOXRED,17_26_WHIP_000028.JPG,17_26_WHIP_000029.JPG,17_26_WHIP_000030.JPG,17,26,Pine,WHIP,4,9/27/19,11/15/19,11/15/19,Mesocarnivore
1172,37162063,1,FOXRED,18_40_WHIP_000223.JPG,18_40_WHIP_000224.JPG,18_40_WHIP_000225.JPG,18,40,Pine,WHIP,2,1/24/19,5/13/19,4/22/19,Mesocarnivore
1175,37162069,1,FOXRED,21_01_DON_0013.JPG,21_01_DON_0014.JPG,21_01_DON_0015.JPG,21,1,Deciduous,DON,2,2/28/19,5/16/19,4/20/19,Mesocarnivore
1185,31428644,1,FOXRED,21_21_DON_0003.JPG,21_21_DON_0004.JPG,21_21_DON_0005.JPG,21,21,Deciduous,DON,1,11/26/18,2/28/19,2/25/19,Mesocarnivore
1187,31428652,1,FOXRED,21_21_DON_0030.JPG,21_21_DON_0031.JPG,21_21_DON_0032.JPG,21,21,Deciduous,DON,1,11/26/18,2/28/19,2/25/19,Mesocarnivore
1188,31428654,2,FOXRED,21_21_DON_0036.JPG,21_21_DON_0037.JPG,21_21_DON_0038.JPG,21,21,Deciduous,DON,1,11/26/18,2/28/19,2/25/19,Mesocarnivore
1189,31428655,2,FOXRED,21_21_DON_0039.JPG,21_21_DON_0040.JPG,21_21_DON_0041.JPG,21,21,Deciduous,DON,1,11/26/18,2/28/19,2/25/19,Mesocarnivore
1411,31428835,1,FOXRED,23_03_SH_0031.JPG,23_03_SH_0032.JPG,23_03_SH_0033.JPG,23,3,Deciduous,SH,1,11/14/18,2/11/19,2/9/19,Mesocarnivore
1435,37162213,1,FOXRED,23_16_SH_0010.JPG,23_16_SH_0011.JPG,23_16_SH_0012.JPG,23,16,Deciduous,SH,2,2/11/19,5/10/19,5/10/19,Mesocarnivore
1530,37820257,1,FOXRED,23_32_SH_0037.JPG,23_32_SH_0038.JPG,23_32_SH_0039.JPG,23,32,Deciduous,SH,3,5/10/19,8/31/19,8/31/19,Mesocarnivore
1672,31428911,1,FOXRED,25_09_SH_0051.JPG,25_09_SH_0052.JPG,25_09_SH_0053.JPG,25,9,Deciduous,SH,1,11/14/18,2/11/19,1/16/19,Mesocarnivore
1675,31428917,1,FOXRED,25_09_SH_0069.JPG,25_09_SH_0070.JPG,25_09_SH_0071.JPG,25,9,Deciduous,SH,1,11/14/18,2/11/19,1/16/19,Mesocarnivore
1703,41008447,1,FOXRED,27_35_DEG_0148.JPG,27_35_DEG_0149.JPG,27_35_DEG_0150.JPG,27,35,Pine,DEG,3,5/16/19,9/8/19,5/21/19,Mesocarnivore
1744,39638726,2,FOXRED,28_01_SH_0088.JPG,28_01_SH_0089.JPG,28_01_SH_0090.JPG,28,1,Deciduous,SH,4,9/20/19,12/7/19,12/7/19,Mesocarnivore
1808,39639422,1,FOXRED,28_01_SH_0310.JPG,28_01_SH_0311.JPG,28_01_SH_0312.JPG,28,1,Deciduous,SH,4,9/20/19,12/7/19,12/7/19,Mesocarnivore
2347,39639897,1,FOXRED,31_15_WHIP_0559.JPG,31_15_WHIP_0560.JPG,31_15_WHIP_0561.JPG,31,15,Pine,WHIP,4,9/27/19,11/1/19,11/10/19,Mesocarnivore
2658,39639865,1,FOXRED,33_38_DEG_0109.JPG,33_38_DEG_0110.JPG,33_38_DEG_0111.JPG,33,38,Pine,DEG,4,9/27/19,11/17/19,11/10/19,Mesocarnivore
2995,39639942,2,MINK,37_31_DEG_0217.JPG,37_31_DEG_0218.JPG,37_31_DEG_0219.JPG,37,31,Pine,DEG,4,9/27/19,11/17/19,11/17/19,Carnivore
47,39638591,1,OPOSSUM,02_07_SH_000001.JPG,02_07_SH_000002.JPG,02_07_SH_000003.JPG,2,7,Deciduous,SH,4,9/20/19,12/7/19,9/25/19,Mesocarnivore
48,39638592,1,OPOSSUM,02_07_SH_000004.JPG,02_07_SH_000005.JPG,02_07_SH_000006.JPG,2,7,Deciduous,SH,4,9/20/19,12/7/19,9/25/19,Mesocarnivore
1807,39639412,1,OPOSSUM,28_01_SH_0307.JPG,28_01_SH_0308.JPG,28_01_SH_0309.JPG,28,1,Deciduous,SH,4,9/20/19,12/7/19,12/7/19,Mesocarnivore
2937,39638678,1,OPOSSUM,37_31_DEG_0007.JPG,37_31_DEG_0008.JPG,37_31_DEG_0009.JPG,37,31,Pine,DEG,4,9/27/19,11/17/19,11/17/19,Mesocarnivore
35,39639699,1,OTHERSMALLMAMMAL,01_23_DEG_000121.JPG,01_23_DEG_000122.JPG,01_23_DEG_000123.JPG,1,23,Pine,DEG,4,9/27/19,11/17/19,11/17/19,Omnivore
150,40303408,1,OTHERSMALLMAMMAL,04_12_BC_000055.JPG,04_12_BC_000056.JPG,04_12_BC_000057.JPG,4,12,Deciduous,BC,4,10/19/19,2/2/20,12/15/19,Omnivore
152,40303412,1,OTHERSMALLMAMMAL,04_12_BC_000061.JPG,04_12_BC_000062.JPG,04_12_BC_000063.JPG,4,12,Deciduous,BC,4,10/19/19,2/2/20,12/15/19,Omnivore
299,39638896,2,OTHERSMALLMAMMAL,07_42_WHIP_000076.JPG,07_42_WHIP_000077.JPG,07_42_WHIP_000078.JPG,7,42,Pine,WHIP,4,9/27/19,11/12/19,11/11/19,Omnivore
337,39639573,1,OTHERSMALLMAMMAL,07_42_WHIP_000205.JPG,07_42_WHIP_000206.JPG,07_42_WHIP_000207.JPG,7,42,Pine,WHIP,4,9/27/19,11/12/19,11/11/19,Omnivore
345,39639802,1,OTHERSMALLMAMMAL,07_42_WHIP_000229.JPG,07_42_WHIP_000230.JPG,07_42_WHIP_000231.JPG,7,42,Pine,WHIP,4,9/27/19,11/12/19,11/11/19,Omnivore
361,41008455,1,OTHERSMALLMAMMAL,10_35_DON_000007.JPG,10_35_DON_000008.JPG,10_35_DON_000009.JPG,10,35,Deciduous,DON,4,9/17/19,11/15/19,11/15/19,Omnivore
368,41008543,1,OTHERSMALLMAMMAL,10_35_DON_000181.JPG,10_35_DON_000182.JPG,10_35_DON_000183.JPG,10,35,Deciduous,DON,4,9/17/19,11/15/19,11/15/19,Omnivore
369,41008544,1,OTHERSMALLMAMMAL,10_35_DON_000184.JPG,10_35_DON_000185.JPG,10_35_DON_000186.JPG,10,35,Deciduous,DON,4,9/17/19,11/15/19,11/15/19,Omnivore
430,31428391,2,OTHERSMALLMAMMAL,11_13_BC_000232.JPG,11_13_BC_000233.JPG,11_13_BC_000234.JPG,11,13,Deciduous,BC,1,11/15/18,3/4/19,3/4/19,Omnivore
893,37822226,1,OTHERSMALLMAMMAL,15_16_WHIP_000235.JPG,15_16_WHIP_000236.JPG,15_16_WHIP_000237.JPG,15,16,Pine,WHIP,3,5/13/19,9/4/19,9/3/19,Omnivore
894,37822290,1,OTHERSMALLMAMMAL,15_16_WHIP_000238.JPG,15_16_WHIP_000239.JPG,15_16_WHIP_000240.JPG,15,16,Pine,WHIP,3,5/13/19,9/4/19,9/3/19,Omnivore
915,37823449,2,OTHERSMALLMAMMAL,15_16_WHIP_000319.JPG,15_16_WHIP_000320.JPG,15_16_WHIP_000321.JPG,15,16,Pine,WHIP,3,5/13/19,9/4/19,9/3/19,Omnivore
918,37823717,1,OTHERSMALLMAMMAL,15_16_WHIP_000331.JPG,15_16_WHIP_000332.JPG,15_16_WHIP_000333.JPG,15,16,Pine,WHIP,3,5/13/19,9/4/19,9/3/19,Omnivore
1149,37162037,1,OTHERSMALLMAMMAL,18_40_WHIP_000145.JPG,18_40_WHIP_000146.JPG,18_40_WHIP_000147.JPG,18,40,Pine,WHIP,2,1/24/19,5/13/19,4/22/19,Omnivore
1196,41008458,2,OTHERSMALLMAMMAL,21_40_DON_0013.JPG,21_40_DON_0014.JPG,21_40_DON_0015.JPG,21,40,Deciduous,DON,4,9/17/19,11/15/19,9/28/19,Omnivore
1399,37162207,1,OTHERSMALLMAMMAL,22_31_WF_0265.JPG,22_31_WF_0266.JPG,22_31_WF_0267.JPG,22,31,Pine,WF,2,1/28/19,5/15/19,4/30/19,Omnivore
1458,39638685,1,OTHERSMALLMAMMAL,23_24_SH_0022.JPG,23_24_SH_0023.JPG,23_24_SH_0024.JPG,23,24,Deciduous,SH,4,9/20/19,12/7/19,12/7/19,Omnivore
1474,39638817,1,OTHERSMALLMAMMAL,23_24_SH_0070.JPG,23_24_SH_0071.JPG,23_24_SH_0072.JPG,23,24,Deciduous,SH,4,9/20/19,12/7/19,12/7/19,Omnivore
1662,31428899,3,OTHERSMALLMAMMAL,25_09_SH_0015.JPG,25_09_SH_0016.JPG,25_09_SH_0017.JPG,25,9,Deciduous,SH,1,11/14/18,2/11/19,1/16/19,Omnivore
1671,31428910,1,OTHERSMALLMAMMAL,25_09_SH_0048.JPG,25_09_SH_0049.JPG,25_09_SH_0050.JPG,25,9,Deciduous,SH,1,11/14/18,2/11/19,1/16/19,Omnivore
1679,31428922,1,OTHERSMALLMAMMAL,25_09_SH_0084.JPG,25_09_SH_0085.JPG,25_09_SH_0086.JPG,25,9,Deciduous,SH,1,11/14/18,2/11/19,1/16/19,Omnivore
2325,39639459,1,OTHERSMALLMAMMAL,31_15_WHIP_0484.JPG,31_15_WHIP_0485.JPG,31_15_WHIP_0486.JPG,31,15,Pine,WHIP,4,9/27/19,11/1/19,11/10/19,Omnivore
2382,39639700,1,OTHERSMALLMAMMAL,32_13_WHIP_0097.JPG,32_13_WHIP_0098.JPG,32_13_WHIP_0099.JPG,32,13,Pine,WHIP,4,9/27/19,11/12/19,11/12/19,Omnivore
2383,39639701,1,OTHERSMALLMAMMAL,32_13_WHIP_0100.JPG,32_13_WHIP_0101.JPG,32_13_WHIP_0102.JPG,32,13,Pine,WHIP,4,9/27/19,11/12/19,11/12/19,Omnivore
2540,37820987,1,OTHERSMALLMAMMAL,33_23_DON_0238.JPG,33_23_DON_0239.JPG,33_23_DON_0240.JPG,33,23,Deciduous,DON,3,5/16/19,9/7/19,8/20/19,Omnivore
2541,37821006,1,OTHERSMALLMAMMAL,33_23_DON_0244.JPG,33_23_DON_0245.JPG,33_23_DON_0246.JPG,33,23,Deciduous,DON,3,5/16/19,9/7/19,8/20/19,Omnivore
2547,37821219,1,OTHERSMALLMAMMAL,33_23_DON_0271.JPG,33_23_DON_0272.JPG,33_23_DON_0273.JPG,33,23,Deciduous,DON,3,5/16/19,9/7/19,8/20/19,Omnivore
2554,37821355,1,OTHERSMALLMAMMAL,33_23_DON_0298.JPG,33_23_DON_0299.JPG,33_23_DON_0300.JPG,33,23,Deciduous,DON,3,5/16/19,9/7/19,8/20/19,Omnivore
2556,37821366,1,OTHERSMALLMAMMAL,33_23_DON_0304.JPG,33_23_DON_0305.JPG,33_23_DON_0306.JPG,33,23,Deciduous,DON,3,5/16/19,9/7/19,8/20/19,Omnivore
2557,37821372,1,OTHERSMALLMAMMAL,33_23_DON_0310.JPG,33_23_DON_0311.JPG,33_23_DON_0312.JPG,33,23,Deciduous,DON,3,5/16/19,9/7/19,8/20/19,Omnivore
2558,37821375,1,OTHERSMALLMAMMAL,33_23_DON_0313.JPG,33_23_DON_0314.JPG,33_23_DON_0315.JPG,33,23,Deciduous,DON,3,5/16/19,9/7/19,8/20/19,Omnivore
2560,37821414,1,OTHERSMALLMAMMAL,33_23_DON_0328.JPG,33_23_DON_0329.JPG,33_23_DON_0330.JPG,33,23,Deciduous,DON,3,5/16/19,9/7/19,8/20/19,Omnivore
2563,37821697,2,OTHERSMALLMAMMAL,33_23_DON_0343.JPG,33_23_DON_0344.JPG,33_23_DON_0345.JPG,33,23,Deciduous,DON,3,5/16/19,9/7/19,8/20/19,Omnivore
2591,37822180,1,OTHERSMALLMAMMAL,33_23_DON_0475.JPG,33_23_DON_0476.JPG,33_23_DON_0477.JPG,33,23,Deciduous,DON,3,5/16/19,9/7/19,8/20/19,Omnivore
2597,37822288,1,OTHERSMALLMAMMAL,33_23_DON_0514.JPG,33_23_DON_0515.JPG,33_23_DON_0516.JPG,33,23,Deciduous,DON,3,5/16/19,9/7/19,8/20/19,Omnivore
2598,37822289,1,OTHERSMALLMAMMAL,33_23_DON_0517.JPG,33_23_DON_0518.JPG,33_23_DON_0519.JPG,33,23,Deciduous,DON,3,5/16/19,9/7/19,8/20/19,Omnivore
2599,37822291,2,OTHERSMALLMAMMAL,33_23_DON_0520.JPG,33_23_DON_0521.JPG,33_23_DON_0522.JPG,33,23,Deciduous,DON,3,5/16/19,9/7/19,8/20/19,Omnivore
2604,37822352,2,OTHERSMALLMAMMAL,33_23_DON_0541.JPG,33_23_DON_0542.JPG,33_23_DON_0543.JPG,33,23,Deciduous,DON,3,5/16/19,9/7/19,8/20/19,Omnivore
2946,39638816,2,OTHERSMALLMAMMAL,37_31_DEG_0037.JPG,37_31_DEG_0038.JPG,37_31_DEG_0039.JPG,37,31,Pine,DEG,4,9/27/19,11/17/19,11/17/19,Omnivore
2947,39638821,1,OTHERSMALLMAMMAL,37_31_DEG_0043.JPG,37_31_DEG_0044.JPG,37_31_DEG_0045.JPG,37,31,Pine,DEG,4,9/27/19,11/17/19,11/17/19,Omnivore
2948,39638835,1,OTHERSMALLMAMMAL,37_31_DEG_0046.JPG,37_31_DEG_0047.JPG,37_31_DEG_0048.JPG,37,31,Pine,DEG,4,9/27/19,11/17/19,11/17/19,Omnivore
2949,39638861,1,OTHERSMALLMAMMAL,37_31_DEG_0049.JPG,37_31_DEG_0050.JPG,37_31_DEG_0051.JPG,37,31,Pine,DEG,4,9/27/19,11/17/19,11/17/19,Omnivore
2956,39639047,2,OTHERSMALLMAMMAL,37_31_DEG_0079.JPG,37_31_DEG_0080.JPG,37_31_DEG_0081.JPG,37,31,Pine,DEG,4,9/27/19,11/17/19,11/17/19,Omnivore
2957,39639048,1,OTHERSMALLMAMMAL,37_31_DEG_0082.JPG,37_31_DEG_0083.JPG,37_31_DEG_0084.JPG,37,31,Pine,DEG,4,9/27/19,11/17/19,11/17/19,Omnivore
2959,39639082,1,OTHERSMALLMAMMAL,37_31_DEG_0088.JPG,37_31_DEG_0089.JPG,37_31_DEG_0090.JPG,37,31,Pine,DEG,4,9/27/19,11/17/19,11/17/19,Omnivore
2983,39639803,1,OTHERSMALLMAMMAL,37_31_DEG_0178.JPG,37_31_DEG_0179.JPG,NA,37,31,Pine,DEG,4,9/27/19,11/17/19,11/17/19,Omnivore
288,39638670,1,PORCUPINE,07_42_WHIP_000025.JPG,07_42_WHIP_000026.JPG,07_42_WHIP_000027.JPG,7,42,Pine,WHIP,4,9/27/19,11/12/19,11/11/19,Herbivore
334,39639491,2,PORCUPINE,07_42_WHIP_000193.JPG,07_42_WHIP_000194.JPG,07_42_WHIP_000195.JPG,7,42,Pine,WHIP,4,9/27/19,11/12/19,11/11/19,Herbivore
372,31428319,2,PORCUPINE,11_13_BC_000013.JPG,11_13_BC_000014.JPG,11_13_BC_000015.JPG,11,13,Deciduous,BC,1,11/15/18,3/4/19,3/4/19,Herbivore
382,31428330,1,PORCUPINE,11_13_BC_000046.JPG,11_13_BC_000047.JPG,11_13_BC_000048.JPG,11,13,Deciduous,BC,1,11/15/18,3/4/19,3/4/19,Herbivore
383,31428331,2,PORCUPINE,11_13_BC_000049.JPG,11_13_BC_000050.JPG,11_13_BC_000051.JPG,11,13,Deciduous,BC,1,11/15/18,3/4/19,3/4/19,Herbivore
389,31428338,1,PORCUPINE,11_13_BC_000070.JPG,11_13_BC_000071.JPG,11_13_BC_000072.JPG,11,13,Deciduous,BC,1,11/15/18,3/4/19,3/4/19,Herbivore
390,31428339,1,PORCUPINE,11_13_BC_000073.JPG,11_13_BC_000074.JPG,11_13_BC_000075.JPG,11,13,Deciduous,BC,1,11/15/18,3/4/19,3/4/19,Herbivore
393,31428342,1,PORCUPINE,11_13_BC_000082.JPG,11_13_BC_000083.JPG,11_13_BC_000084.JPG,11,13,Deciduous,BC,1,11/15/18,3/4/19,3/4/19,Herbivore
400,31428353,1,PORCUPINE,11_13_BC_000115.JPG,11_13_BC_000116.JPG,11_13_BC_000117.JPG,11,13,Deciduous,BC,1,11/15/18,3/4/19,3/4/19,Herbivore
408,31428363,1,PORCUPINE,11_13_BC_000148.JPG,11_13_BC_000149.JPG,11_13_BC_000150.JPG,11,13,Deciduous,BC,1,11/15/18,3/4/19,3/4/19,Herbivore
409,31428364,1,PORCUPINE,11_13_BC_000151.JPG,11_13_BC_000152.JPG,11_13_BC_000153.JPG,11,13,Deciduous,BC,1,11/15/18,3/4/19,3/4/19,Herbivore
411,31428368,1,PORCUPINE,11_13_BC_000163.JPG,11_13_BC_000164.JPG,11_13_BC_000165.JPG,11,13,Deciduous,BC,1,11/15/18,3/4/19,3/4/19,Herbivore
461,37820349,2,PORCUPINE,14_17_WF_000052.JPG,14_17_WF_000053.JPG,14_17_WF_000054.JPG,14,17,Pine,WF,3,5/15/19,9/3/19,9/3/19,Herbivore
482,37821185,1,PORCUPINE,14_17_WF_000361.JPG,14_17_WF_000362.JPG,14_17_WF_000363.JPG,14,17,Pine,WF,3,5/15/19,9/3/19,9/3/19,Herbivore
531,31428430,1,PORCUPINE,14_22_DON_000064.JPG,14_22_DON_000065.JPG,14_22_DON_000066.JPG,14,22,Deciduous,DON,1,12/13/18,2/25/19,2/25/19,Herbivore
556,39638607,1,PORCUPINE,15_06_SH_000016.JPG,15_06_SH_000017.JPG,15_06_SH_000018.JPG,15,6,Deciduous,SH,4,9/20/19,12/7/19,12/7/19,Herbivore
565,39638694,1,PORCUPINE,15_06_SH_000046.JPG,15_06_SH_000047.JPG,15_06_SH_000048.JPG,15,6,Deciduous,SH,4,9/20/19,12/7/19,12/7/19,Herbivore
567,39638747,1,PORCUPINE,15_06_SH_000052.JPG,15_06_SH_000053.JPG,15_06_SH_000054.JPG,15,6,Deciduous,SH,4,9/20/19,12/7/19,12/7/19,Herbivore
578,39639077,1,PORCUPINE,15_06_SH_000088.JPG,15_06_SH_000089.JPG,15_06_SH_000090.JPG,15,6,Deciduous,SH,4,9/20/19,12/7/19,12/7/19,Herbivore
637,39639405,1,PORCUPINE,15_06_SH_000268.JPG,15_06_SH_000269.JPG,15_06_SH_000270.JPG,15,6,Deciduous,SH,4,9/20/19,12/7/19,12/7/19,Herbivore
742,39640009,1,PORCUPINE,15_06_SH_000589.JPG,15_06_SH_000591.JPG,15_06_SH_000590.JPG,15,6,Deciduous,SH,4,9/20/19,12/7/19,12/7/19,Herbivore
743,39640011,1,PORCUPINE,15_06_SH_000592.JPG,15_06_SH_000594.JPG,15_06_SH_000593.JPG,15,6,Deciduous,SH,4,9/20/19,12/7/19,12/7/19,Herbivore
842,37818866,1,PORCUPINE,15_16_WHIP_000016.JPG,15_16_WHIP_000017.JPG,15_16_WHIP_000018.JPG,15,16,Pine,WHIP,3,5/13/19,9/4/19,9/3/19,Herbivore
895,37822294,1,PORCUPINE,15_16_WHIP_000241.JPG,15_16_WHIP_000242.JPG,15_16_WHIP_000243.JPG,15,16,Pine,WHIP,3,5/13/19,9/4/19,9/3/19,Herbivore
927,37161908,1,PORCUPINE,15_35_DEG_000022.JPG,15_35_DEG_000023.JPG,15_35_DEG_000024.JPG,15,35,Pine,DEG,2,2/7/19,5/16/19,5/16/19,Herbivore
942,37161927,1,PORCUPINE,17_08_BC_000046.JPG,17_08_BC_000047.JPG,17_08_BC_000048.JPG,17,8,Deciduous,BC,2,3/4/19,5/11/19,5/11/19,Herbivore
954,37161952,1,PORCUPINE,17_08_BC_000139.JPG,17_08_BC_000140.JPG,17_08_BC_000141.JPG,17,8,Deciduous,BC,2,3/4/19,5/11/19,5/11/19,Herbivore
958,37161968,1,PORCUPINE,17_08_BC_000193.JPG,17_08_BC_000194.JPG,17_08_BC_000195.JPG,17,8,Deciduous,BC,2,3/4/19,5/11/19,5/11/19,Herbivore
1066,39639433,1,PORCUPINE,17_26_WHIP_000064.JPG,17_26_WHIP_000065.JPG,17_26_WHIP_000066.JPG,17,26,Pine,WHIP,4,9/27/19,11/15/19,11/15/19,Herbivore
1067,39639457,1,PORCUPINE,17_26_WHIP_000067.JPG,17_26_WHIP_000068.JPG,17_26_WHIP_000069.JPG,17,26,Pine,WHIP,4,9/27/19,11/15/19,11/15/19,Herbivore
1073,39639805,1,PORCUPINE,17_26_WHIP_000100.JPG,17_26_WHIP_000101.JPG,17_26_WHIP_000102.JPG,17,26,Pine,WHIP,4,9/27/19,11/15/19,11/15/19,Herbivore
1074,39639808,1,PORCUPINE,17_26_WHIP_000104.JPG,17_26_WHIP_000103.JPG,17_26_WHIP_000105.JPG,17,26,Pine,WHIP,4,9/27/19,11/15/19,11/15/19,Herbivore
1075,39639849,1,PORCUPINE,17_26_WHIP_000106.JPG,17_26_WHIP_000107.JPG,17_26_WHIP_000108.JPG,17,26,Pine,WHIP,4,9/27/19,11/15/19,11/15/19,Herbivore
1076,39639852,1,PORCUPINE,17_26_WHIP_000109.JPG,17_26_WHIP_000110.JPG,17_26_WHIP_000111.JPG,17,26,Pine,WHIP,4,9/27/19,11/15/19,11/15/19,Herbivore
1077,39639853,1,PORCUPINE,17_26_WHIP_000112.JPG,17_26_WHIP_000113.JPG,17_26_WHIP_000114.JPG,17,26,Pine,WHIP,4,9/27/19,11/15/19,11/15/19,Herbivore
1078,39639854,1,PORCUPINE,17_26_WHIP_000115.JPG,17_26_WHIP_000116.JPG,17_26_WHIP_000117.JPG,17,26,Pine,WHIP,4,9/27/19,11/15/19,11/15/19,Herbivore
1085,39639877,1,PORCUPINE,17_26_WHIP_000139.JPG,17_26_WHIP_000140.JPG,17_26_WHIP_000141.JPG,17,26,Pine,WHIP,4,9/27/19,11/15/19,11/15/19,Herbivore
1086,39639878,1,PORCUPINE,17_26_WHIP_000142.JPG,17_26_WHIP_000143.JPG,17_26_WHIP_000144.JPG,17,26,Pine,WHIP,4,9/27/19,11/15/19,11/15/19,Herbivore
1088,39639899,1,PORCUPINE,17_26_WHIP_000148.JPG,17_26_WHIP_000149.JPG,17_26_WHIP_000150.JPG,17,26,Pine,WHIP,4,9/27/19,11/15/19,11/15/19,Herbivore
1089,39639901,1,PORCUPINE,17_26_WHIP_000151.JPG,17_26_WHIP_000152.JPG,17_26_WHIP_000153.JPG,17,26,Pine,WHIP,4,9/27/19,11/15/19,11/15/19,Herbivore
1162,37162054,1,PORCUPINE,18_40_WHIP_000196.JPG,18_40_WHIP_000197.JPG,18_40_WHIP_000198.JPG,18,40,Pine,WHIP,2,1/24/19,5/13/19,4/22/19,Herbivore
1170,37162061,1,PORCUPINE,18_40_WHIP_000217.JPG,18_40_WHIP_000218.JPG,18_40_WHIP_000219.JPG,18,40,Pine,WHIP,2,1/24/19,5/13/19,4/22/19,Herbivore
1173,37162064,1,PORCUPINE,18_40_WHIP_000226.JPG,18_40_WHIP_000227.JPG,18_40_WHIP_000228.JPG,18,40,Pine,WHIP,2,1/24/19,5/13/19,4/22/19,Herbivore
1401,37162209,1,PORCUPINE,22_31_WF_0271.JPG,22_31_WF_0272.JPG,22_31_WF_0273.JPG,22,31,Pine,WF,2,1/28/19,5/15/19,4/30/19,Herbivore
1445,37162226,1,PORCUPINE,23_16_SH_0061.JPG,23_16_SH_0062.JPG,23_16_SH_0063.JPG,23,16,Deciduous,SH,2,2/11/19,5/10/19,5/10/19,Herbivore
1468,39638748,1,PORCUPINE,23_24_SH_0052.JPG,23_24_SH_0053.JPG,23_24_SH_0054.JPG,23,24,Deciduous,SH,4,9/20/19,12/7/19,12/7/19,Herbivore
1486,39638895,1,PORCUPINE,23_24_SH_0106.JPG,23_24_SH_0107.JPG,23_24_SH_0108.JPG,23,24,Deciduous,SH,4,9/20/19,12/7/19,12/7/19,Herbivore
1536,37820491,1,PORCUPINE,23_32_SH_0055.JPG,23_32_SH_0056.JPG,23_32_SH_0057.JPG,23,32,Deciduous,SH,3,5/10/19,8/31/19,8/31/19,Herbivore
1537,37820512,1,PORCUPINE,23_32_SH_0058.JPG,23_32_SH_0059.JPG,23_32_SH_0060.JPG,23,32,Deciduous,SH,3,5/10/19,8/31/19,8/31/19,Herbivore
1538,37820526,1,PORCUPINE,23_32_SH_0061.JPG,23_32_SH_0062.JPG,23_32_SH_0063.JPG,23,32,Deciduous,SH,3,5/10/19,8/31/19,8/31/19,Herbivore
1643,37162337,1,PORCUPINE,24_18_BC_0367.JPG,24_18_BC_0368.JPG,24_18_BC_0369.JPG,24,18,Deciduous,BC,2,3/4/19,5/11/19,5/11/19,Herbivore
1646,37162362,1,PORCUPINE,24_18_BC_0499.JPG,24_18_BC_0500.JPG,24_18_BC_0501.JPG,24,18,Deciduous,BC,2,3/4/19,5/11/19,5/11/19,Herbivore
1647,37162363,1,PORCUPINE,24_18_BC_0502.JPG,24_18_BC_0503.JPG,24_18_BC_0504.JPG,24,18,Deciduous,BC,2,3/4/19,5/11/19,5/11/19,Herbivore
1648,37162364,1,PORCUPINE,24_18_BC_0505.JPG,24_18_BC_0506.JPG,24_18_BC_0507.JPG,24,18,Deciduous,BC,2,3/4/19,5/11/19,5/11/19,Herbivore
1682,37818646,1,PORCUPINE,25_38_SH_0007.JPG,25_38_SH_0008.JPG,25_38_SH_0009.JPG,25,38,Deciduous,SH,3,5/10/19,8/31/19,5/20/19,Herbivore
1684,37818684,1,PORCUPINE,25_38_SH_0013.JPG,25_38_SH_0014.JPG,25_38_SH_0015.JPG,25,38,Deciduous,SH,3,5/10/19,8/31/19,5/20/19,Herbivore
1743,39638722,1,PORCUPINE,28_01_SH_0085.JPG,28_01_SH_0086.JPG,28_01_SH_0087.JPG,28,1,Deciduous,SH,4,9/20/19,12/7/19,12/7/19,Herbivore
1800,39639353,1,PORCUPINE,28_01_SH_0286.JPG,28_01_SH_0287.JPG,28_01_SH_0288.JPG,28,1,Deciduous,SH,4,9/20/19,12/7/19,12/7/19,Herbivore
1805,39639406,2,PORCUPINE,28_01_SH_0301.JPG,28_01_SH_0302.JPG,28_01_SH_0303.JPG,28,1,Deciduous,SH,4,9/20/19,12/7/19,12/7/19,Herbivore
1806,39639407,1,PORCUPINE,28_01_SH_0304.JPG,28_01_SH_0305.JPG,28_01_SH_0306.JPG,28,1,Deciduous,SH,4,9/20/19,12/7/19,12/7/19,Herbivore
2025,31428999,1,PORCUPINE,29_19_DEG_0217.JPG,29_19_DEG_0218.JPG,29_19_DEG_0219.JPG,29,19,Pine,DEG,1,11/26/18,2/7/19,2/1/19,Herbivore
2134,37162446,1,PORCUPINE,30_22_BC_0001.JPG,30_22_BC_0002.JPG,30_22_BC_0003.JPG,30,22,Deciduous,BC,2,3/4/19,5/11/19,5/11/19,Herbivore
2135,37162447,2,PORCUPINE,30_22_BC_0004.JPG,30_22_BC_0005.JPG,30_22_BC_0006.JPG,30,22,Deciduous,BC,2,3/4/19,5/11/19,5/11/19,Herbivore
2136,37162448,1,PORCUPINE,30_22_BC_0007.JPG,30_22_BC_0008.JPG,30_22_BC_0009.JPG,30,22,Deciduous,BC,2,3/4/19,5/11/19,5/11/19,Herbivore
2137,37162449,2,PORCUPINE,30_22_BC_0010.JPG,30_22_BC_0011.JPG,30_22_BC_0012.JPG,30,22,Deciduous,BC,2,3/4/19,5/11/19,5/11/19,Herbivore
2138,37162450,2,PORCUPINE,30_22_BC_0013.JPG,30_22_BC_0014.JPG,30_22_BC_0015.JPG,30,22,Deciduous,BC,2,3/4/19,5/11/19,5/11/19,Herbivore
2139,37162451,1,PORCUPINE,30_22_BC_0016.JPG,30_22_BC_0017.JPG,30_22_BC_0018.JPG,30,22,Deciduous,BC,2,3/4/19,5/11/19,5/11/19,Herbivore
2140,37162452,2,PORCUPINE,30_22_BC_0019.JPG,30_22_BC_0020.JPG,30_22_BC_0021.JPG,30,22,Deciduous,BC,2,3/4/19,5/11/19,5/11/19,Herbivore
2141,37162453,1,PORCUPINE,30_22_BC_0022.JPG,30_22_BC_0023.JPG,30_22_BC_0024.JPG,30,22,Deciduous,BC,2,3/4/19,5/11/19,5/11/19,Herbivore
2194,37162546,2,PORCUPINE,30_22_BC_0430.JPG,30_22_BC_0431.JPG,30_22_BC_0432.JPG,30,22,Deciduous,BC,2,3/4/19,5/11/19,5/11/19,Herbivore
2195,37162547,2,PORCUPINE,30_22_BC_0433.JPG,30_22_BC_0434.JPG,30_22_BC_0435.JPG,30,22,Deciduous,BC,2,3/4/19,5/11/19,5/11/19,Herbivore
2196,37162548,2,PORCUPINE,30_22_BC_0436.JPG,30_22_BC_0437.JPG,30_22_BC_0438.JPG,30,22,Deciduous,BC,2,3/4/19,5/11/19,5/11/19,Herbivore
2199,37162551,1,PORCUPINE,30_22_BC_0445.JPG,30_22_BC_0446.JPG,30_22_BC_0447.JPG,30,22,Deciduous,BC,2,3/4/19,5/11/19,5/11/19,Herbivore
2261,39638834,2,PORCUPINE,31_15_WHIP_0109.JPG,31_15_WHIP_0110.JPG,31_15_WHIP_0111.JPG,31,15,Pine,WHIP,4,9/27/19,11/1/19,11/10/19,Herbivore
2318,39639411,1,PORCUPINE,31_15_WHIP_0463.JPG,31_15_WHIP_0464.JPG,31_15_WHIP_0465.JPG,31,15,Pine,WHIP,4,9/27/19,11/1/19,11/10/19,Herbivore
2440,37820475,1,PORCUPINE,32_26_WF_0040.JPG,32_26_WF_0041.JPG,32_26_WF_0042.JPG,32,26,Pine,WF,3,5/15/19,9/3/19,8/9/19,Herbivore
2819,39906331,1,PORCUPINE,36_32_WF_0070.JPG,36_32_WF_0071.JPG,36_32_WF_0072.JPG,36,32,Pine,WF,4,9/29/19,1/26/20,12/18/19,Herbivore
2820,39906332,2,PORCUPINE,36_32_WF_0073.JPG,36_32_WF_0074.JPG,36_32_WF_0075.JPG,36,32,Pine,WF,4,9/29/19,1/26/20,12/18/19,Herbivore
2838,39906360,1,PORCUPINE,36_32_WF_0148.JPG,36_32_WF_0149.JPG,36_32_WF_0150.JPG,36,32,Pine,WF,4,9/29/19,1/26/20,12/18/19,Herbivore
2840,39906362,1,PORCUPINE,36_32_WF_0154.JPG,36_32_WF_0155.JPG,36_32_WF_0156.JPG,36,32,Pine,WF,4,9/29/19,1/26/20,12/18/19,Herbivore
2841,39906363,1,PORCUPINE,36_32_WF_0157.JPG,36_32_WF_0158.JPG,36_32_WF_0159.JPG,36,32,Pine,WF,4,9/29/19,1/26/20,12/18/19,Herbivore
2857,39906392,2,PORCUPINE,36_32_WF_0211.JPG,36_32_WF_0212.JPG,36_32_WF_0213.JPG,36,32,Pine,WF,4,9/29/19,1/26/20,12/18/19,Herbivore
2858,39906393,1,PORCUPINE,36_32_WF_0214.JPG,36_32_WF_0215.JPG,36_32_WF_0216.JPG,36,32,Pine,WF,4,9/29/19,1/26/20,12/18/19,Herbivore
2859,39906394,1,PORCUPINE,36_32_WF_0217.JPG,36_32_WF_0218.JPG,36_32_WF_0219.JPG,36,32,Pine,WF,4,9/29/19,1/26/20,12/18/19,Herbivore
2860,39906395,1,PORCUPINE,36_32_WF_0220.JPG,36_32_WF_0221.JPG,36_32_WF_0222.JPG,36,32,Pine,WF,4,9/29/19,1/26/20,12/18/19,Herbivore
2861,39906396,1,PORCUPINE,36_32_WF_0223.JPG,36_32_WF_0224.JPG,36_32_WF_0225.JPG,36,32,Pine,WF,4,9/29/19,1/26/20,12/18/19,Herbivore
2863,39906398,1,PORCUPINE,36_32_WF_0229.JPG,36_32_WF_0230.JPG,36_32_WF_0231.JPG,36,32,Pine,WF,4,9/29/19,1/26/20,12/18/19,Herbivore
2864,39906399,1,PORCUPINE,36_32_WF_0232.JPG,36_32_WF_0233.JPG,36_32_WF_0234.JPG,36,32,Pine,WF,4,9/29/19,1/26/20,12/18/19,Herbivore
2866,39906401,1,PORCUPINE,36_32_WF_0238.JPG,36_32_WF_0239.JPG,36_32_WF_0240.JPG,36,32,Pine,WF,4,9/29/19,1/26/20,12/18/19,Herbivore
2869,39906406,1,PORCUPINE,36_32_WF_0250.JPG,36_32_WF_0251.JPG,36_32_WF_0252.JPG,36,32,Pine,WF,4,9/29/19,1/26/20,12/18/19,Herbivore
2918,39906519,1,PORCUPINE,36_32_WF_0412.JPG,36_32_WF_0413.JPG,36_32_WF_0414.JPG,36,32,Pine,WF,4,9/29/19,1/26/20,12/18/19,Herbivore
2922,39906524,1,PORCUPINE,36_32_WF_0424.JPG,36_32_WF_0425.JPG,36_32_WF_0426.JPG,36,32,Pine,WF,4,9/29/19,1/26/20,12/18/19,Herbivore
2952,39638962,1,PORCUPINE,37_31_DEG_0061.JPG,37_31_DEG_0062.JPG,37_31_DEG_0063.JPG,37,31,Pine,DEG,4,9/27/19,11/17/19,11/17/19,Herbivore
16,39638935,1,RACCOON,01_23_DEG_000052.JPG,01_23_DEG_000054.JPG,01_23_DEG_000053.JPG,1,23,Pine,DEG,4,9/27/19,11/17/19,11/17/19,Mesocarnivore
51,39638615,1,RACCOON,02_07_SH_000013.JPG,02_07_SH_000014.JPG,02_07_SH_000015.JPG,2,7,Deciduous,SH,4,9/20/19,12/7/19,9/25/19,Mesocarnivore
74,37156552,1,RACCOON,02_42_WHIP_000073.JPG,02_42_WHIP_000074.JPG,02_42_WHIP_000075.JPG,2,42,Pine,WHIP,2,1/24/19,5/13/19,4/22/19,Mesocarnivore
77,37156555,1,RACCOON,02_42_WHIP_000082.JPG,02_42_WHIP_000083.JPG,02_42_WHIP_000084.JPG,2,42,Pine,WHIP,2,1/24/19,5/13/19,4/22/19,Mesocarnivore
153,40303414,1,RACCOON,04_12_BC_000067.JPG,04_12_BC_000068.JPG,04_12_BC_000069.JPG,4,12,Deciduous,BC,4,10/19/19,2/2/20,12/15/19,Mesocarnivore
156,40303423,1,RACCOON,04_12_BC_000076.JPG,04_12_BC_000077.JPG,04_12_BC_000078.JPG,4,12,Deciduous,BC,4,10/19/19,2/2/20,12/15/19,Mesocarnivore
207,39638795,1,RACCOON,05_34_WF_000010.JPG,05_34_WF_000011.JPG,05_34_WF_000012.JPG,5,34,Pine,WF,4,9/29/19,12/6/19,12/6/19,Mesocarnivore
209,39638963,1,RACCOON,05_34_WF_000016.JPG,05_34_WF_000017.JPG,05_34_WF_000018.JPG,5,34,Pine,WF,4,9/29/19,12/6/19,12/6/19,Mesocarnivore
210,39638997,1,RACCOON,05_34_WF_000020.JPG,05_34_WF_000019.JPG,05_34_WF_000021.JPG,5,34,Pine,WF,4,9/29/19,12/6/19,12/6/19,Mesocarnivore
295,39638793,1,RACCOON,07_42_WHIP_000061.JPG,07_42_WHIP_000063.JPG,07_42_WHIP_000062.JPG,7,42,Pine,WHIP,4,9/27/19,11/12/19,11/11/19,Mesocarnivore
302,39638923,1,RACCOON,07_42_WHIP_000085.JPG,07_42_WHIP_000086.JPG,07_42_WHIP_000087.JPG,7,42,Pine,WHIP,4,9/27/19,11/12/19,11/11/19,Mesocarnivore
319,39639197,1,RACCOON,07_42_WHIP_000139.JPG,07_42_WHIP_000140.JPG,07_42_WHIP_000141.JPG,7,42,Pine,WHIP,4,9/27/19,11/12/19,11/11/19,Mesocarnivore
324,39639363,1,RACCOON,07_42_WHIP_000160.JPG,07_42_WHIP_000161.JPG,07_42_WHIP_000162.JPG,7,42,Pine,WHIP,4,9/27/19,11/12/19,11/11/19,Mesocarnivore
327,39639374,1,RACCOON,07_42_WHIP_000169.JPG,07_42_WHIP_000170.JPG,07_42_WHIP_000171.JPG,7,42,Pine,WHIP,4,9/27/19,11/12/19,11/11/19,Mesocarnivore
335,39639515,1,RACCOON,07_42_WHIP_000199.JPG,07_42_WHIP_000200.JPG,07_42_WHIP_000201.JPG,7,42,Pine,WHIP,4,9/27/19,11/12/19,11/11/19,Mesocarnivore
336,39639519,1,RACCOON,07_42_WHIP_000202.JPG,07_42_WHIP_000203.JPG,07_42_WHIP_000204.JPG,7,42,Pine,WHIP,4,9/27/19,11/12/19,11/11/19,Mesocarnivore
367,41008542,1,RACCOON,10_35_DON_000178.JPG,10_35_DON_000179.JPG,10_35_DON_000180.JPG,10,35,Deciduous,DON,4,9/17/19,11/15/19,11/15/19,Mesocarnivore
445,37818863,1,RACCOON,14_17_WF_000004.JPG,14_17_WF_000005.JPG,14_17_WF_000006.JPG,14,17,Pine,WF,3,5/15/19,9/3/19,9/3/19,Mesocarnivore
446,37818864,1,RACCOON,14_17_WF_000007.JPG,14_17_WF_000008.JPG,14_17_WF_000009.JPG,14,17,Pine,WF,3,5/15/19,9/3/19,9/3/19,Mesocarnivore
447,37818865,1,RACCOON,14_17_WF_000010.JPG,14_17_WF_000011.JPG,14_17_WF_000012.JPG,14,17,Pine,WF,3,5/15/19,9/3/19,9/3/19,Mesocarnivore
448,37818871,1,RACCOON,14_17_WF_000013.JPG,14_17_WF_000014.JPG,14_17_WF_000015.JPG,14,17,Pine,WF,3,5/15/19,9/3/19,9/3/19,Mesocarnivore
452,37819016,1,RACCOON,14_17_WF_000025.JPG,14_17_WF_000026.JPG,14_17_WF_000027.JPG,14,17,Pine,WF,3,5/15/19,9/3/19,9/3/19,Mesocarnivore
453,37820240,2,RACCOON,14_17_WF_000028.JPG,14_17_WF_000029.JPG,14_17_WF_000030.JPG,14,17,Pine,WF,3,5/15/19,9/3/19,9/3/19,Mesocarnivore
454,37820242,1,RACCOON,14_17_WF_000031.JPG,14_17_WF_000032.JPG,14_17_WF_000033.JPG,14,17,Pine,WF,3,5/15/19,9/3/19,9/3/19,Mesocarnivore
455,37820299,1,RACCOON,14_17_WF_000034.JPG,14_17_WF_000035.JPG,14_17_WF_000036.JPG,14,17,Pine,WF,3,5/15/19,9/3/19,9/3/19,Mesocarnivore
456,37820301,1,RACCOON,14_17_WF_000037.JPG,14_17_WF_000038.JPG,14_17_WF_000039.JPG,14,17,Pine,WF,3,5/15/19,9/3/19,9/3/19,Mesocarnivore
457,37820303,2,RACCOON,14_17_WF_000040.JPG,14_17_WF_000041.JPG,14_17_WF_000042.JPG,14,17,Pine,WF,3,5/15/19,9/3/19,9/3/19,Mesocarnivore
458,37820305,1,RACCOON,14_17_WF_000043.JPG,14_17_WF_000044.JPG,14_17_WF_000045.JPG,14,17,Pine,WF,3,5/15/19,9/3/19,9/3/19,Mesocarnivore
459,37820322,1,RACCOON,14_17_WF_000046.JPG,14_17_WF_000047.JPG,14_17_WF_000048.JPG,14,17,Pine,WF,3,5/15/19,9/3/19,9/3/19,Mesocarnivore
464,37820451,1,RACCOON,14_17_WF_000061.JPG,14_17_WF_000062.JPG,14_17_WF_000063.JPG,14,17,Pine,WF,3,5/15/19,9/3/19,9/3/19,Mesocarnivore
465,37820458,1,RACCOON,14_17_WF_000064.JPG,14_17_WF_000065.JPG,14_17_WF_000066.JPG,14,17,Pine,WF,3,5/15/19,9/3/19,9/3/19,Mesocarnivore
466,37820459,1,RACCOON,14_17_WF_000067.JPG,14_17_WF_000068.JPG,14_17_WF_000069.JPG,14,17,Pine,WF,3,5/15/19,9/3/19,9/3/19,Mesocarnivore
467,37820480,1,RACCOON,14_17_WF_000070.JPG,14_17_WF_000071.JPG,14_17_WF_000072.JPG,14,17,Pine,WF,3,5/15/19,9/3/19,9/3/19,Mesocarnivore
468,37820481,2,RACCOON,14_17_WF_000073.JPG,14_17_WF_000074.JPG,14_17_WF_000075.JPG,14,17,Pine,WF,3,5/15/19,9/3/19,9/3/19,Mesocarnivore
469,37820483,1,RACCOON,14_17_WF_000076.JPG,14_17_WF_000077.JPG,14_17_WF_000078.JPG,14,17,Pine,WF,3,5/15/19,9/3/19,9/3/19,Mesocarnivore
470,37820509,2,RACCOON,14_17_WF_000079.JPG,14_17_WF_000080.JPG,14_17_WF_000081.JPG,14,17,Pine,WF,3,5/15/19,9/3/19,9/3/19,Mesocarnivore
473,37820700,1,RACCOON,14_17_WF_000151.JPG,14_17_WF_000152.JPG,14_17_WF_000153.JPG,14,17,Pine,WF,3,5/15/19,9/3/19,9/3/19,Mesocarnivore
474,37820706,1,RACCOON,14_17_WF_000154.JPG,14_17_WF_000155.JPG,14_17_WF_000156.JPG,14,17,Pine,WF,3,5/15/19,9/3/19,9/3/19,Mesocarnivore
475,37820707,1,RACCOON,14_17_WF_000157.JPG,14_17_WF_000158.JPG,14_17_WF_000159.JPG,14,17,Pine,WF,3,5/15/19,9/3/19,9/3/19,Mesocarnivore
476,37820775,1,RACCOON,14_17_WF_000181.JPG,14_17_WF_000182.JPG,14_17_WF_000183.JPG,14,17,Pine,WF,3,5/15/19,9/3/19,9/3/19,Mesocarnivore
477,37820819,1,RACCOON,14_17_WF_000205.JPG,14_17_WF_000206.JPG,14_17_WF_000207.JPG,14,17,Pine,WF,3,5/15/19,9/3/19,9/3/19,Mesocarnivore
479,37820980,2,RACCOON,14_17_WF_000289.JPG,14_17_WF_000290.JPG,14_17_WF_000291.JPG,14,17,Pine,WF,3,5/15/19,9/3/19,9/3/19,Mesocarnivore
480,37820986,1,RACCOON,14_17_WF_000292.JPG,14_17_WF_000293.JPG,14_17_WF_000294.JPG,14,17,Pine,WF,3,5/15/19,9/3/19,9/3/19,Mesocarnivore
483,37821213,1,RACCOON,14_17_WF_000373.JPG,14_17_WF_000374.JPG,14_17_WF_000375.JPG,14,17,Pine,WF,3,5/15/19,9/3/19,9/3/19,Mesocarnivore
486,37821351,1,RACCOON,14_17_WF_000517.JPG,14_17_WF_000518.JPG,14_17_WF_000519.JPG,14,17,Pine,WF,3,5/15/19,9/3/19,9/3/19,Mesocarnivore
487,37821354,1,RACCOON,14_17_WF_000520.JPG,14_17_WF_000521.JPG,14_17_WF_000522.JPG,14,17,Pine,WF,3,5/15/19,9/3/19,9/3/19,Mesocarnivore
488,37821575,1,RACCOON,14_17_WF_000634.JPG,14_17_WF_000635.JPG,14_17_WF_000636.JPG,14,17,Pine,WF,3,5/15/19,9/3/19,9/3/19,Mesocarnivore
489,37821576,3,RACCOON,14_17_WF_000637.JPG,14_17_WF_000638.JPG,14_17_WF_000639.JPG,14,17,Pine,WF,3,5/15/19,9/3/19,9/3/19,Mesocarnivore
490,37821577,1,RACCOON,14_17_WF_000640.JPG,14_17_WF_000641.JPG,14_17_WF_000642.JPG,14,17,Pine,WF,3,5/15/19,9/3/19,9/3/19,Mesocarnivore
491,37821578,2,RACCOON,14_17_WF_000643.JPG,14_17_WF_000644.JPG,14_17_WF_000645.JPG,14,17,Pine,WF,3,5/15/19,9/3/19,9/3/19,Mesocarnivore
492,37821597,1,RACCOON,14_17_WF_000649.JPG,14_17_WF_000650.JPG,14_17_WF_000651.JPG,14,17,Pine,WF,3,5/15/19,9/3/19,9/3/19,Mesocarnivore
493,37821698,1,RACCOON,14_17_WF_000661.JPG,14_17_WF_000662.JPG,14_17_WF_000663.JPG,14,17,Pine,WF,3,5/15/19,9/3/19,9/3/19,Mesocarnivore
494,37822128,1,RACCOON,14_17_WF_000796.JPG,14_17_WF_000797.JPG,14_17_WF_000798.JPG,14,17,Pine,WF,3,5/15/19,9/3/19,9/3/19,Mesocarnivore
495,37822129,2,RACCOON,14_17_WF_000799.JPG,14_17_WF_000800.JPG,14_17_WF_000801.JPG,14,17,Pine,WF,3,5/15/19,9/3/19,9/3/19,Mesocarnivore
496,37822133,1,RACCOON,14_17_WF_000802.JPG,14_17_WF_000803.JPG,14_17_WF_000804.JPG,14,17,Pine,WF,3,5/15/19,9/3/19,9/3/19,Mesocarnivore
497,37822134,2,RACCOON,14_17_WF_000805.JPG,14_17_WF_000806.JPG,14_17_WF_000807.JPG,14,17,Pine,WF,3,5/15/19,9/3/19,9/3/19,Mesocarnivore
498,37822154,1,RACCOON,14_17_WF_000808.JPG,14_17_WF_000809.JPG,14_17_WF_000810.JPG,14,17,Pine,WF,3,5/15/19,9/3/19,9/3/19,Mesocarnivore
499,37822210,1,RACCOON,14_17_WF_000820.JPG,14_17_WF_000821.JPG,14_17_WF_000822.JPG,14,17,Pine,WF,3,5/15/19,9/3/19,9/3/19,Mesocarnivore
502,37822365,1,RACCOON,14_17_WF_000853.JPG,14_17_WF_000854.JPG,14_17_WF_000855.JPG,14,17,Pine,WF,3,5/15/19,9/3/19,9/3/19,Mesocarnivore
503,37822367,1,RACCOON,14_17_WF_000856.JPG,14_17_WF_000857.JPG,14_17_WF_000858.JPG,14,17,Pine,WF,3,5/15/19,9/3/19,9/3/19,Mesocarnivore
509,37822631,1,RACCOON,14_17_WF_000874.JPG,14_17_WF_000875.JPG,14_17_WF_000876.JPG,14,17,Pine,WF,3,5/15/19,9/3/19,9/3/19,Mesocarnivore
516,31428413,1,RACCOON,14_22_DON_000013.JPG,14_22_DON_000014.JPG,14_22_DON_000015.JPG,14,22,Deciduous,DON,1,12/13/18,2/25/19,2/25/19,Mesocarnivore
533,31428432,1,RACCOON,14_22_DON_000070.JPG,14_22_DON_000071.JPG,14_22_DON_000072.JPG,14,22,Deciduous,DON,1,12/13/18,2/25/19,2/25/19,Mesocarnivore
547,39638642,1,RACCOON,14_25_DON_000007.JPG,14_25_DON_000008.JPG,14_25_DON_000009.JPG,14,25,Deciduous,DON,4,9/17/19,11/6/19,11/6/19,Mesocarnivore
839,37818666,1,RACCOON,15_16_WHIP_000001.JPG,15_16_WHIP_000002.JPG,15_16_WHIP_000003.JPG,15,16,Pine,WHIP,3,5/13/19,9/4/19,9/3/19,Mesocarnivore
840,37818703,1,RACCOON,15_16_WHIP_000004.JPG,15_16_WHIP_000005.JPG,15_16_WHIP_000006.JPG,15,16,Pine,WHIP,3,5/13/19,9/4/19,9/3/19,Mesocarnivore
843,37819027,1,RACCOON,15_16_WHIP_000019.JPG,15_16_WHIP_000020.JPG,15_16_WHIP_000021.JPG,15,16,Pine,WHIP,3,5/13/19,9/4/19,9/3/19,Mesocarnivore
848,37820417,1,RACCOON,15_16_WHIP_000040.JPG,15_16_WHIP_000041.JPG,15_16_WHIP_000042.JPG,15,16,Pine,WHIP,3,5/13/19,9/4/19,9/3/19,Mesocarnivore
857,37820776,1,RACCOON,15_16_WHIP_000079.JPG,15_16_WHIP_000080.JPG,15_16_WHIP_000081.JPG,15,16,Pine,WHIP,3,5/13/19,9/4/19,9/3/19,Mesocarnivore
859,37820919,1,RACCOON,15_16_WHIP_000085.JPG,15_16_WHIP_000086.JPG,15_16_WHIP_000087.JPG,15,16,Pine,WHIP,3,5/13/19,9/4/19,9/3/19,Mesocarnivore
863,37821217,1,RACCOON,15_16_WHIP_000097.JPG,15_16_WHIP_000098.JPG,15_16_WHIP_000099.JPG,15,16,Pine,WHIP,3,5/13/19,9/4/19,9/3/19,Mesocarnivore
864,37821224,1,RACCOON,15_16_WHIP_000100.JPG,15_16_WHIP_000101.JPG,15_16_WHIP_000102.JPG,15,16,Pine,WHIP,3,5/13/19,9/4/19,9/3/19,Mesocarnivore
865,37821289,1,RACCOON,15_16_WHIP_000103.JPG,15_16_WHIP_000104.JPG,15_16_WHIP_000105.JPG,15,16,Pine,WHIP,3,5/13/19,9/4/19,9/3/19,Mesocarnivore
869,37821373,1,RACCOON,15_16_WHIP_000121.JPG,15_16_WHIP_000122.JPG,15_16_WHIP_000123.JPG,15,16,Pine,WHIP,3,5/13/19,9/4/19,9/3/19,Mesocarnivore
870,37821415,1,RACCOON,15_16_WHIP_000127.JPG,15_16_WHIP_000128.JPG,15_16_WHIP_000129.JPG,15,16,Pine,WHIP,3,5/13/19,9/4/19,9/3/19,Mesocarnivore
871,37821416,1,RACCOON,15_16_WHIP_000130.JPG,15_16_WHIP_000131.JPG,15_16_WHIP_000132.JPG,15,16,Pine,WHIP,3,5/13/19,9/4/19,9/3/19,Mesocarnivore
874,37821596,1,RACCOON,15_16_WHIP_000145.JPG,15_16_WHIP_000146.JPG,15_16_WHIP_000147.JPG,15,16,Pine,WHIP,3,5/13/19,9/4/19,9/3/19,Mesocarnivore
875,37821710,1,RACCOON,15_16_WHIP_000151.JPG,15_16_WHIP_000152.JPG,15_16_WHIP_000153.JPG,15,16,Pine,WHIP,3,5/13/19,9/4/19,9/3/19,Mesocarnivore
876,37821768,1,RACCOON,15_16_WHIP_000160.JPG,15_16_WHIP_000161.JPG,15_16_WHIP_000162.JPG,15,16,Pine,WHIP,3,5/13/19,9/4/19,9/3/19,Mesocarnivore
883,37821994,1,RACCOON,15_16_WHIP_000187.JPG,15_16_WHIP_000188.JPG,15_16_WHIP_000189.JPG,15,16,Pine,WHIP,3,5/13/19,9/4/19,9/3/19,Mesocarnivore
884,37822028,2,RACCOON,15_16_WHIP_000190.JPG,15_16_WHIP_000191.JPG,15_16_WHIP_000192.JPG,15,16,Pine,WHIP,3,5/13/19,9/4/19,9/3/19,Mesocarnivore
886,37822087,1,RACCOON,15_16_WHIP_000199.JPG,15_16_WHIP_000200.JPG,15_16_WHIP_000201.JPG,15,16,Pine,WHIP,3,5/13/19,9/4/19,9/3/19,Mesocarnivore
890,37822157,1,RACCOON,15_16_WHIP_000214.JPG,15_16_WHIP_000215.JPG,15_16_WHIP_000216.JPG,15,16,Pine,WHIP,3,5/13/19,9/4/19,9/3/19,Mesocarnivore
911,37823302,1,RACCOON,15_16_WHIP_000304.JPG,15_16_WHIP_000305.JPG,15_16_WHIP_000306.JPG,15,16,Pine,WHIP,3,5/13/19,9/4/19,9/3/19,Mesocarnivore
919,37823768,1,RACCOON,15_16_WHIP_000337.JPG,15_16_WHIP_000338.JPG,15_16_WHIP_000339.JPG,15,16,Pine,WHIP,3,5/13/19,9/4/19,9/3/19,Mesocarnivore
941,37161923,1,RACCOON,17_08_BC_000028.JPG,17_08_BC_000029.JPG,17_08_BC_000030.JPG,17,8,Deciduous,BC,2,3/4/19,5/11/19,5/11/19,Mesocarnivore
950,37161940,1,RACCOON,17_08_BC_000094.JPG,17_08_BC_000095.JPG,17_08_BC_000096.JPG,17,8,Deciduous,BC,2,3/4/19,5/11/19,5/11/19,Mesocarnivore
1027,31428597,1,RACCOON,17_24_BC_000205.JPG,17_24_BC_000206.JPG,17_24_BC_000207.JPG,17,24,Deciduous,BC,1,11/15/18,3/4/19,3/2/19,Mesocarnivore
1028,31428599,1,RACCOON,17_24_BC_000211.JPG,17_24_BC_000212.JPG,17_24_BC_000213.JPG,17,24,Deciduous,BC,1,11/15/18,3/4/19,3/2/19,Mesocarnivore
1049,39638690,1,RACCOON,17_26_WHIP_000010.JPG,17_26_WHIP_000011.JPG,17_26_WHIP_000012.JPG,17,26,Pine,WHIP,4,9/27/19,11/15/19,11/15/19,Mesocarnivore
1068,39639575,1,RACCOON,17_26_WHIP_000073.JPG,17_26_WHIP_000074.JPG,17_26_WHIP_000075.JPG,17,26,Pine,WHIP,4,9/27/19,11/15/19,11/15/19,Mesocarnivore
1071,39639683,2,RACCOON,17_26_WHIP_000082.JPG,17_26_WHIP_000083.JPG,17_26_WHIP_000084.JPG,17,26,Pine,WHIP,4,9/27/19,11/15/19,11/15/19,Mesocarnivore
1087,39639898,1,RACCOON,17_26_WHIP_000145.JPG,17_26_WHIP_000146.JPG,17_26_WHIP_000147.JPG,17,26,Pine,WHIP,4,9/27/19,11/15/19,11/15/19,Mesocarnivore
1093,31428622,2,RACCOON,18_16_WHIP_000007.JPG,18_16_WHIP_000008.JPG,18_16_WHIP_000009.JPG,18,16,Pine,WHIP,1,12/18/18,1/24/19,1/24/19,Mesocarnivore
1094,31428623,2,RACCOON,18_16_WHIP_000010.JPG,18_16_WHIP_000011.JPG,18_16_WHIP_000012.JPG,18,16,Pine,WHIP,1,12/18/18,1/24/19,1/24/19,Mesocarnivore
1095,31428624,2,RACCOON,18_16_WHIP_000013.JPG,18_16_WHIP_000014.JPG,18_16_WHIP_000015.JPG,18,16,Pine,WHIP,1,12/18/18,1/24/19,1/24/19,Mesocarnivore
1105,31428634,1,RACCOON,18_16_WHIP_000043.JPG,18_16_WHIP_000044.JPG,18_16_WHIP_000045.JPG,18,16,Pine,WHIP,1,12/18/18,1/24/19,1/24/19,Mesocarnivore
1167,37162058,1,RACCOON,18_40_WHIP_000208.JPG,18_40_WHIP_000209.JPG,18_40_WHIP_000210.JPG,18,40,Pine,WHIP,2,1/24/19,5/13/19,4/22/19,Mesocarnivore
1168,37162059,1,RACCOON,18_40_WHIP_000211.JPG,18_40_WHIP_000212.JPG,NA,18,40,Pine,WHIP,2,1/24/19,5/13/19,4/22/19,Mesocarnivore
1171,37162062,1,RACCOON,18_40_WHIP_000220.JPG,18_40_WHIP_000221.JPG,18_40_WHIP_000222.JPG,18,40,Pine,WHIP,2,1/24/19,5/13/19,4/22/19,Mesocarnivore
1204,41008468,1,RACCOON,21_40_DON_0040.JPG,21_40_DON_0041.JPG,21_40_DON_0042.JPG,21,40,Deciduous,DON,4,9/17/19,11/15/19,9/28/19,Mesocarnivore
1412,31428837,1,RACCOON,23_03_SH_0037.JPG,23_03_SH_0038.JPG,23_03_SH_0039.JPG,23,3,Deciduous,SH,1,11/14/18,2/11/19,2/9/19,Mesocarnivore
1551,37821996,1,RACCOON,23_32_SH_0145.JPG,23_32_SH_0146.JPG,23_32_SH_0147.JPG,23,32,Deciduous,SH,3,5/10/19,8/31/19,8/31/19,Mesocarnivore
1619,37162266,1,RACCOON,24_18_BC_0097.JPG,24_18_BC_0098.JPG,24_18_BC_0099.JPG,24,18,Deciduous,BC,2,3/4/19,5/11/19,5/11/19,Mesocarnivore
1698,37814641,1,RACCOON,27_08_IMG_0025.JPG,27_08_IMG_0026.JPG,27_08_IMG_0027.JPG,27,8,Deciduous,DON,1,12/13/18,2/25/19,2/25/19,Mesocarnivore
1707,41008527,1,RACCOON,27_41_BC_0013.JPG,27_41_BC_0014.JPG,27_41_BC_0015.JPG,27,41,Deciduous,BC,4,10/9/19,12/14/19,10/13/19,Mesocarnivore
1719,39638593,1,RACCOON,28_01_SH_0010.JPG,28_01_SH_0011.JPG,28_01_SH_0012.JPG,28,1,Deciduous,SH,4,9/20/19,12/7/19,12/7/19,Mesocarnivore
2185,37162534,1,RACCOON,30_22_BC_0376.JPG,30_22_BC_0377.JPG,30_22_BC_0378.JPG,30,22,Deciduous,BC,2,3/4/19,5/11/19,5/11/19,Mesocarnivore
2202,37162556,2,RACCOON,30_22_BC_0469.JPG,30_22_BC_0470.JPG,30_22_BC_0471.JPG,30,22,Deciduous,BC,2,3/4/19,5/11/19,5/11/19,Mesocarnivore
2219,37820485,1,RACCOON,31_03_WHIP_0211.JPG,31_03_WHIP_0212.JPG,31_03_WHIP_0213.JPG,31,3,Pine,WHIP,3,5/13/19,9/4/19,6/9/19,Mesocarnivore
2220,37820645,1,RACCOON,31_03_WHIP_0307.JPG,31_03_WHIP_0308.JPG,31_03_WHIP_0309.JPG,31,3,Pine,WHIP,3,5/13/19,9/4/19,6/9/19,Mesocarnivore
2247,39638746,1,RACCOON,31_15_WHIP_0040.JPG,31_15_WHIP_0041.JPG,31_15_WHIP_0042.JPG,31,15,Pine,WHIP,4,9/27/19,11/1/19,11/10/19,Mesocarnivore
2312,39639312,2,RACCOON,31_15_WHIP_0424.JPG,31_15_WHIP_0425.JPG,31_15_WHIP_0426.JPG,31,15,Pine,WHIP,4,9/27/19,11/1/19,11/10/19,Mesocarnivore
2317,39639410,1,RACCOON,31_15_WHIP_0460.JPG,31_15_WHIP_0461.JPG,31_15_WHIP_0462.JPG,31,15,Pine,WHIP,4,9/27/19,11/1/19,11/10/19,Mesocarnivore
2526,37820318,1,RACCOON,33_23_DON_0076.JPG,33_23_DON_0077.JPG,33_23_DON_0078.JPG,33,23,Deciduous,DON,3,5/16/19,9/7/19,8/20/19,Mesocarnivore
2608,37822439,1,RACCOON,33_23_DON_0583.JPG,33_23_DON_0584.JPG,33_23_DON_0585.JPG,33,23,Deciduous,DON,3,5/16/19,9/7/19,8/20/19,Mesocarnivore
2629,39638671,1,RACCOON,33_38_DEG_0010.JPG,33_38_DEG_0011.JPG,NA,33,38,Pine,DEG,4,9/27/19,11/17/19,11/10/19,Mesocarnivore
2638,39638833,2,RACCOON,33_38_DEG_0040.JPG,33_38_DEG_0041.JPG,33_38_DEG_0042.JPG,33,38,Pine,DEG,4,9/27/19,11/17/19,11/10/19,Mesocarnivore
2651,39639245,1,RACCOON,33_38_DEG_0085.JPG,33_38_DEG_0086.JPG,33_38_DEG_0087.JPG,33,38,Pine,DEG,4,9/27/19,11/17/19,11/10/19,Mesocarnivore
2652,39639313,1,RACCOON,33_38_DEG_0088.JPG,33_38_DEG_0089.JPG,33_38_DEG_0090.JPG,33,38,Pine,DEG,4,9/27/19,11/17/19,11/10/19,Mesocarnivore
2660,39639925,1,RACCOON,33_38_DEG_0115.JPG,33_38_DEG_0116.JPG,33_38_DEG_0117.JPG,33,38,Pine,DEG,4,9/27/19,11/17/19,11/10/19,Mesocarnivore
2777,40303389,1,RACCOON,35_16_BC_0043.JPG,35_16_BC_0044.JPG,35_16_BC_0045.JPG,35,16,Deciduous,BC,4,10/19/19,2/2/20,12/19/19,Mesocarnivore
2636,39638801,2,RIVEROTTER,33_38_DEG_0034.JPG,33_38_DEG_0035.JPG,33_38_DEG_0036.JPG,33,38,Pine,DEG,4,9/27/19,11/17/19,11/10/19,Mesocarnivore
2637,39638802,2,RIVEROTTER,33_38_DEG_0037.JPG,33_38_DEG_0038.JPG,33_38_DEG_0039.JPG,33,38,Pine,DEG,4,9/27/19,11/17/19,11/10/19,Mesocarnivore
1059,39638995,1,SKUNKSTRIPED,17_26_WHIP_000043.JPG,17_26_WHIP_000044.JPG,17_26_WHIP_000045.JPG,17,26,Pine,WHIP,4,9/27/19,11/15/19,11/15/19,Mesocarnivore
1565,37823200,3,SKUNKSTRIPED,23_32_SH_0205.JPG,23_32_SH_0206.JPG,23_32_SH_0207.JPG,23,32,Deciduous,SH,3,5/10/19,8/31/19,8/31/19,Mesocarnivore
2216,37820300,1,SKUNKSTRIPED,31_03_WHIP_0190.JPG,31_03_WHIP_0191.JPG,31_03_WHIP_0192.JPG,31,3,Pine,WHIP,3,5/13/19,9/4/19,6/9/19,Mesocarnivore
1386,37162192,1,SNOWSHOEHARE,22_31_WF_0214.JPG,22_31_WF_0215.JPG,22_31_WF_0216.JPG,22,31,Pine,WF,2,1/28/19,5/15/19,4/30/19,Herbivore
1387,37162193,1,SNOWSHOEHARE,22_31_WF_0217.JPG,22_31_WF_0218.JPG,22_31_WF_0219.JPG,22,31,Pine,WF,2,1/28/19,5/15/19,4/30/19,Herbivore
1065,39639246,2,SQUIRRELFLYING,17_26_WHIP_000061.JPG,17_26_WHIP_000062.JPG,17_26_WHIP_000063.JPG,17,26,Pine,WHIP,4,9/27/19,11/15/19,11/15/19,Omnivore
1759,39638881,1,SQUIRRELFLYING,28_01_SH_0139.JPG,28_01_SH_0140.JPG,28_01_SH_0141.JPG,28,1,Deciduous,SH,4,9/20/19,12/7/19,12/7/19,Omnivore
1782,39639219,1,SQUIRRELFLYING,28_01_SH_0223.JPG,28_01_SH_0224.JPG,28_01_SH_0225.JPG,28,1,Deciduous,SH,4,9/20/19,12/7/19,12/7/19,Omnivore
2326,39639462,1,SQUIRRELFLYING,31_15_WHIP_0487.JPG,31_15_WHIP_0488.JPG,31_15_WHIP_0489.JPG,31,15,Pine,WHIP,4,9/27/19,11/1/19,11/10/19,Omnivore
2676,39906314,1,SQUIRRELFLYING,34_21_WF_0052.JPG,34_21_WF_0053.JPG,34_21_WF_0054.JPG,34,21,Pine,WF,4,9/29/19,1/26/20,12/14/19,Omnivore
2677,39906315,1,SQUIRRELFLYING,34_21_WF_0055.JPG,34_21_WF_0056.JPG,34_21_WF_0057.JPG,34,21,Pine,WF,4,9/29/19,1/26/20,12/14/19,Omnivore
2683,39906344,1,SQUIRRELFLYING,34_21_WF_0073.JPG,34_21_WF_0074.JPG,34_21_WF_0075.JPG,34,21,Pine,WF,4,9/29/19,1/26/20,12/14/19,Omnivore
2753,39906520,1,SQUIRRELFLYING,34_21_WF_0313.JPG,34_21_WF_0314.JPG,34_21_WF_0315.JPG,34,21,Pine,WF,4,9/29/19,1/26/20,12/14/19,Omnivore
2803,39906299,1,SQUIRRELFLYING,36_32_WF_0016.JPG,36_32_WF_0017.JPG,36_32_WF_0018.JPG,36,32,Pine,WF,4,9/29/19,1/26/20,12/18/19,Omnivore
2842,39906366,1,SQUIRRELFLYING,36_32_WF_0160.JPG,36_32_WF_0161.JPG,36_32_WF_0162.JPG,36,32,Pine,WF,4,9/29/19,1/26/20,12/18/19,Omnivore
2882,39906426,1,SQUIRRELFLYING,36_32_WF_0289.JPG,36_32_WF_0290.JPG,36_32_WF_0291.JPG,36,32,Pine,WF,4,9/29/19,1/26/20,12/18/19,Omnivore
2896,39906444,1,SQUIRRELFLYING,36_32_WF_0334.JPG,36_32_WF_0335.JPG,36_32_WF_0336.JPG,36,32,Pine,WF,4,9/29/19,1/26/20,12/18/19,Omnivore
49,39638600,1,SQUIRRELGRAY,02_07_SH_000007.JPG,02_07_SH_000008.JPG,02_07_SH_000009.JPG,2,7,Deciduous,SH,4,9/20/19,12/7/19,9/25/19,Herbivore
50,39638606,1,SQUIRRELGRAY,02_07_SH_000010.JPG,02_07_SH_000011.JPG,02_07_SH_000012.JPG,2,7,Deciduous,SH,4,9/20/19,12/7/19,9/25/19,Herbivore
135,40303369,2,SQUIRRELGRAY,04_12_BC_000007.JPG,04_12_BC_000008.JPG,04_12_BC_000009.JPG,4,12,Deciduous,BC,4,10/19/19,2/2/20,12/15/19,Herbivore
136,40303372,2,SQUIRRELGRAY,04_12_BC_000010.JPG,04_12_BC_000011.JPG,04_12_BC_000012.JPG,4,12,Deciduous,BC,4,10/19/19,2/2/20,12/15/19,Herbivore
137,40303373,1,SQUIRRELGRAY,04_12_BC_000013.JPG,04_12_BC_000014.JPG,04_12_BC_000015.JPG,4,12,Deciduous,BC,4,10/19/19,2/2/20,12/15/19,Herbivore
142,40303378,1,SQUIRRELGRAY,04_12_BC_000028.JPG,04_12_BC_000029.JPG,04_12_BC_000030.JPG,4,12,Deciduous,BC,4,10/19/19,2/2/20,12/15/19,Herbivore
143,40303379,1,SQUIRRELGRAY,04_12_BC_000031.JPG,04_12_BC_000032.JPG,04_12_BC_000033.JPG,4,12,Deciduous,BC,4,10/19/19,2/2/20,12/15/19,Herbivore
144,40303382,1,SQUIRRELGRAY,04_12_BC_000034.JPG,04_12_BC_000035.JPG,04_12_BC_000036.JPG,4,12,Deciduous,BC,4,10/19/19,2/2/20,12/15/19,Herbivore
145,40303383,1,SQUIRRELGRAY,04_12_BC_000037.JPG,04_12_BC_000038.JPG,04_12_BC_000039.JPG,4,12,Deciduous,BC,4,10/19/19,2/2/20,12/15/19,Herbivore
148,40303396,1,SQUIRRELGRAY,04_12_BC_000049.JPG,04_12_BC_000050.JPG,04_12_BC_000051.JPG,4,12,Deciduous,BC,4,10/19/19,2/2/20,12/15/19,Herbivore
149,40303407,1,SQUIRRELGRAY,04_12_BC_000052.JPG,04_12_BC_000053.JPG,04_12_BC_000054.JPG,4,12,Deciduous,BC,4,10/19/19,2/2/20,12/15/19,Herbivore
151,40303410,1,SQUIRRELGRAY,04_12_BC_000058.JPG,04_12_BC_000059.JPG,04_12_BC_000060.JPG,4,12,Deciduous,BC,4,10/19/19,2/2/20,12/15/19,Herbivore
154,40303415,1,SQUIRRELGRAY,04_12_BC_000070.JPG,04_12_BC_000071.JPG,04_12_BC_000072.JPG,4,12,Deciduous,BC,4,10/19/19,2/2/20,12/15/19,Herbivore
155,40303419,1,SQUIRRELGRAY,04_12_BC_000073.JPG,04_12_BC_000074.JPG,04_12_BC_000075.JPG,4,12,Deciduous,BC,4,10/19/19,2/2/20,12/15/19,Herbivore
296,39638822,2,SQUIRRELGRAY,07_42_WHIP_000064.JPG,07_42_WHIP_000065.JPG,07_42_WHIP_000066.JPG,7,42,Pine,WHIP,4,9/27/19,11/12/19,11/11/19,Herbivore
297,39638827,1,SQUIRRELGRAY,07_42_WHIP_000067.JPG,07_42_WHIP_000068.JPG,07_42_WHIP_000069.JPG,7,42,Pine,WHIP,4,9/27/19,11/12/19,11/11/19,Herbivore
300,39638905,2,SQUIRRELGRAY,07_42_WHIP_000079.JPG,07_42_WHIP_000080.JPG,07_42_WHIP_000081.JPG,7,42,Pine,WHIP,4,9/27/19,11/12/19,11/11/19,Herbivore
301,39638907,1,SQUIRRELGRAY,07_42_WHIP_000082.JPG,07_42_WHIP_000083.JPG,07_42_WHIP_000084.JPG,7,42,Pine,WHIP,4,9/27/19,11/12/19,11/11/19,Herbivore
304,39638943,2,SQUIRRELGRAY,07_42_WHIP_000094.JPG,07_42_WHIP_000095.JPG,07_42_WHIP_000096.JPG,7,42,Pine,WHIP,4,9/27/19,11/12/19,11/11/19,Herbivore
305,39638945,1,SQUIRRELGRAY,07_42_WHIP_000097.JPG,07_42_WHIP_000098.JPG,07_42_WHIP_000099.JPG,7,42,Pine,WHIP,4,9/27/19,11/12/19,11/11/19,Herbivore
306,39638946,1,SQUIRRELGRAY,07_42_WHIP_000100.JPG,07_42_WHIP_000101.JPG,07_42_WHIP_000102.JPG,7,42,Pine,WHIP,4,9/27/19,11/12/19,11/11/19,Herbivore
310,39638991,1,SQUIRRELGRAY,07_42_WHIP_000112.JPG,07_42_WHIP_000113.JPG,07_42_WHIP_000114.JPG,7,42,Pine,WHIP,4,9/27/19,11/12/19,11/11/19,Herbivore
316,39639055,1,SQUIRRELGRAY,07_42_WHIP_000131.JPG,07_42_WHIP_000130.JPG,07_42_WHIP_000132.JPG,7,42,Pine,WHIP,4,9/27/19,11/12/19,11/11/19,Herbivore
320,39639213,2,SQUIRRELGRAY,07_42_WHIP_000142.JPG,07_42_WHIP_000143.JPG,07_42_WHIP_000144.JPG,7,42,Pine,WHIP,4,9/27/19,11/12/19,11/11/19,Herbivore
322,39639310,1,SQUIRRELGRAY,07_42_WHIP_000148.JPG,07_42_WHIP_000149.JPG,07_42_WHIP_000150.JPG,7,42,Pine,WHIP,4,9/27/19,11/12/19,11/11/19,Herbivore
325,39639369,1,SQUIRRELGRAY,07_42_WHIP_000163.JPG,07_42_WHIP_000165.JPG,07_42_WHIP_000164.JPG,7,42,Pine,WHIP,4,9/27/19,11/12/19,11/11/19,Herbivore
326,39639370,1,SQUIRRELGRAY,07_42_WHIP_000166.JPG,07_42_WHIP_000167.JPG,07_42_WHIP_000168.JPG,7,42,Pine,WHIP,4,9/27/19,11/12/19,11/11/19,Herbivore
328,39639415,1,SQUIRRELGRAY,07_42_WHIP_000175.JPG,07_42_WHIP_000176.JPG,07_42_WHIP_000177.JPG,7,42,Pine,WHIP,4,9/27/19,11/12/19,11/11/19,Herbivore
329,39639441,1,SQUIRRELGRAY,07_42_WHIP_000178.JPG,07_42_WHIP_000179.JPG,07_42_WHIP_000180.JPG,7,42,Pine,WHIP,4,9/27/19,11/12/19,11/11/19,Herbivore
332,39639456,2,SQUIRRELGRAY,07_42_WHIP_000187.JPG,07_42_WHIP_000188.JPG,07_42_WHIP_000189.JPG,7,42,Pine,WHIP,4,9/27/19,11/12/19,11/11/19,Herbivore
333,39639484,1,SQUIRRELGRAY,07_42_WHIP_000190.JPG,07_42_WHIP_000191.JPG,NA,7,42,Pine,WHIP,4,9/27/19,11/12/19,11/11/19,Herbivore
340,39639589,1,SQUIRRELGRAY,07_42_WHIP_000214.JPG,07_42_WHIP_000215.JPG,07_42_WHIP_000216.JPG,7,42,Pine,WHIP,4,9/27/19,11/12/19,11/11/19,Herbivore
342,39639613,1,SQUIRRELGRAY,07_42_WHIP_000220.JPG,07_42_WHIP_000221.JPG,07_42_WHIP_000222.JPG,7,42,Pine,WHIP,4,9/27/19,11/12/19,11/11/19,Herbivore
344,39639713,1,SQUIRRELGRAY,07_42_WHIP_000226.JPG,07_42_WHIP_000227.JPG,07_42_WHIP_000228.JPG,7,42,Pine,WHIP,4,9/27/19,11/12/19,11/11/19,Herbivore
354,31428314,1,SQUIRRELGRAY,09_25_WF_000004.JPG,09_25_WF_000005.JPG,09_25_WF_000006.JPG,9,25,Pine,WF,1,11/17/18,1/31/19,12/2/18,Herbivore
359,41008453,1,SQUIRRELGRAY,10_35_DON_000001.JPG,10_35_DON_000002.JPG,10_35_DON_000003.JPG,10,35,Deciduous,DON,4,9/17/19,11/15/19,11/15/19,Herbivore
363,41008513,1,SQUIRRELGRAY,10_35_DON_000133.JPG,10_35_DON_000134.JPG,10_35_DON_000135.JPG,10,35,Deciduous,DON,4,9/17/19,11/15/19,11/15/19,Herbivore
366,41008541,1,SQUIRRELGRAY,10_35_DON_000175.JPG,10_35_DON_000176.JPG,10_35_DON_000177.JPG,10,35,Deciduous,DON,4,9/17/19,11/15/19,11/15/19,Herbivore
374,31428321,1,SQUIRRELGRAY,11_13_BC_000019.JPG,11_13_BC_000020.JPG,11_13_BC_000021.JPG,11,13,Deciduous,BC,1,11/15/18,3/4/19,3/4/19,Herbivore
375,31428322,1,SQUIRRELGRAY,11_13_BC_000022.JPG,11_13_BC_000023.JPG,11_13_BC_000024.JPG,11,13,Deciduous,BC,1,11/15/18,3/4/19,3/4/19,Herbivore
376,31428323,1,SQUIRRELGRAY,11_13_BC_000025.JPG,11_13_BC_000026.JPG,11_13_BC_000027.JPG,11,13,Deciduous,BC,1,11/15/18,3/4/19,3/4/19,Herbivore
377,31428324,2,SQUIRRELGRAY,11_13_BC_000028.JPG,11_13_BC_000029.JPG,11_13_BC_000030.JPG,11,13,Deciduous,BC,1,11/15/18,3/4/19,3/4/19,Herbivore
378,31428325,1,SQUIRRELGRAY,11_13_BC_000031.JPG,11_13_BC_000032.JPG,11_13_BC_000033.JPG,11,13,Deciduous,BC,1,11/15/18,3/4/19,3/4/19,Herbivore
379,31428326,2,SQUIRRELGRAY,11_13_BC_000034.JPG,11_13_BC_000035.JPG,11_13_BC_000036.JPG,11,13,Deciduous,BC,1,11/15/18,3/4/19,3/4/19,Herbivore
380,31428328,1,SQUIRRELGRAY,11_13_BC_000040.JPG,11_13_BC_000041.JPG,11_13_BC_000042.JPG,11,13,Deciduous,BC,1,11/15/18,3/4/19,3/4/19,Herbivore
381,31428329,1,SQUIRRELGRAY,11_13_BC_000043.JPG,11_13_BC_000044.JPG,11_13_BC_000045.JPG,11,13,Deciduous,BC,1,11/15/18,3/4/19,3/4/19,Herbivore
384,31428332,2,SQUIRRELGRAY,11_13_BC_000052.JPG,11_13_BC_000053.JPG,11_13_BC_000054.JPG,11,13,Deciduous,BC,1,11/15/18,3/4/19,3/4/19,Herbivore
385,31428333,1,SQUIRRELGRAY,11_13_BC_000055.JPG,11_13_BC_000056.JPG,11_13_BC_000057.JPG,11,13,Deciduous,BC,1,11/15/18,3/4/19,3/4/19,Herbivore
386,31428335,1,SQUIRRELGRAY,11_13_BC_000061.JPG,11_13_BC_000062.JPG,11_13_BC_000063.JPG,11,13,Deciduous,BC,1,11/15/18,3/4/19,3/4/19,Herbivore
387,31428336,1,SQUIRRELGRAY,11_13_BC_000064.JPG,11_13_BC_000065.JPG,11_13_BC_000066.JPG,11,13,Deciduous,BC,1,11/15/18,3/4/19,3/4/19,Herbivore
388,31428337,1,SQUIRRELGRAY,11_13_BC_000067.JPG,11_13_BC_000068.JPG,11_13_BC_000069.JPG,11,13,Deciduous,BC,1,11/15/18,3/4/19,3/4/19,Herbivore
391,31428340,1,SQUIRRELGRAY,11_13_BC_000076.JPG,11_13_BC_000077.JPG,11_13_BC_000078.JPG,11,13,Deciduous,BC,1,11/15/18,3/4/19,3/4/19,Herbivore
392,31428341,1,SQUIRRELGRAY,11_13_BC_000079.JPG,11_13_BC_000080.JPG,11_13_BC_000081.JPG,11,13,Deciduous,BC,1,11/15/18,3/4/19,3/4/19,Herbivore
394,31428344,1,SQUIRRELGRAY,11_13_BC_000088.JPG,11_13_BC_000089.JPG,11_13_BC_000090.JPG,11,13,Deciduous,BC,1,11/15/18,3/4/19,3/4/19,Herbivore
395,31428345,1,SQUIRRELGRAY,11_13_BC_000091.JPG,11_13_BC_000092.JPG,11_13_BC_000093.JPG,11,13,Deciduous,BC,1,11/15/18,3/4/19,3/4/19,Herbivore
396,31428346,1,SQUIRRELGRAY,11_13_BC_000094.JPG,11_13_BC_000095.JPG,11_13_BC_000096.JPG,11,13,Deciduous,BC,1,11/15/18,3/4/19,3/4/19,Herbivore
397,31428347,2,SQUIRRELGRAY,11_13_BC_000097.JPG,11_13_BC_000098.JPG,11_13_BC_000099.JPG,11,13,Deciduous,BC,1,11/15/18,3/4/19,3/4/19,Herbivore
398,31428348,1,SQUIRRELGRAY,11_13_BC_000100.JPG,11_13_BC_000101.JPG,11_13_BC_000102.JPG,11,13,Deciduous,BC,1,11/15/18,3/4/19,3/4/19,Herbivore
399,31428351,1,SQUIRRELGRAY,11_13_BC_000109.JPG,11_13_BC_000110.JPG,11_13_BC_000111.JPG,11,13,Deciduous,BC,1,11/15/18,3/4/19,3/4/19,Herbivore
401,31428354,1,SQUIRRELGRAY,11_13_BC_000121.JPG,11_13_BC_000122.JPG,11_13_BC_000123.JPG,11,13,Deciduous,BC,1,11/15/18,3/4/19,3/4/19,Herbivore
403,31428357,1,SQUIRRELGRAY,11_13_BC_000130.JPG,11_13_BC_000131.JPG,11_13_BC_000132.JPG,11,13,Deciduous,BC,1,11/15/18,3/4/19,3/4/19,Herbivore
404,31428358,1,SQUIRRELGRAY,11_13_BC_000133.JPG,11_13_BC_000134.JPG,11_13_BC_000135.JPG,11,13,Deciduous,BC,1,11/15/18,3/4/19,3/4/19,Herbivore
410,31428365,1,SQUIRRELGRAY,11_13_BC_000154.JPG,11_13_BC_000155.JPG,11_13_BC_000156.JPG,11,13,Deciduous,BC,1,11/15/18,3/4/19,3/4/19,Herbivore
414,31428371,1,SQUIRRELGRAY,11_13_BC_000172.JPG,11_13_BC_000173.JPG,11_13_BC_000174.JPG,11,13,Deciduous,BC,1,11/15/18,3/4/19,3/4/19,Herbivore
415,31428372,1,SQUIRRELGRAY,11_13_BC_000175.JPG,11_13_BC_000176.JPG,11_13_BC_000177.JPG,11,13,Deciduous,BC,1,11/15/18,3/4/19,3/4/19,Herbivore
418,31428375,1,SQUIRRELGRAY,11_13_BC_000184.JPG,11_13_BC_000185.JPG,11_13_BC_000186.JPG,11,13,Deciduous,BC,1,11/15/18,3/4/19,3/4/19,Herbivore
419,31428376,2,SQUIRRELGRAY,11_13_BC_000187.JPG,11_13_BC_000188.JPG,11_13_BC_000189.JPG,11,13,Deciduous,BC,1,11/15/18,3/4/19,3/4/19,Herbivore
420,31428377,1,SQUIRRELGRAY,11_13_BC_000190.JPG,11_13_BC_000191.JPG,11_13_BC_000192.JPG,11,13,Deciduous,BC,1,11/15/18,3/4/19,3/4/19,Herbivore
421,31428380,1,SQUIRRELGRAY,11_13_BC_000199.JPG,11_13_BC_000200.JPG,11_13_BC_000201.JPG,11,13,Deciduous,BC,1,11/15/18,3/4/19,3/4/19,Herbivore
422,31428381,1,SQUIRRELGRAY,11_13_BC_000202.JPG,11_13_BC_000203.JPG,11_13_BC_000204.JPG,11,13,Deciduous,BC,1,11/15/18,3/4/19,3/4/19,Herbivore
429,31428388,1,SQUIRRELGRAY,11_13_BC_000223.JPG,11_13_BC_000224.JPG,11_13_BC_000225.JPG,11,13,Deciduous,BC,1,11/15/18,3/4/19,3/4/19,Herbivore
433,31428394,1,SQUIRRELGRAY,11_13_BC_000241.JPG,11_13_BC_000242.JPG,11_13_BC_000243.JPG,11,13,Deciduous,BC,1,11/15/18,3/4/19,3/4/19,Herbivore
434,31428397,1,SQUIRRELGRAY,11_13_BC_000250.JPG,11_13_BC_000251.JPG,11_13_BC_000252.JPG,11,13,Deciduous,BC,1,11/15/18,3/4/19,3/4/19,Herbivore
435,31428398,2,SQUIRRELGRAY,11_13_BC_000253.JPG,11_13_BC_000254.JPG,11_13_BC_000255.JPG,11,13,Deciduous,BC,1,11/15/18,3/4/19,3/4/19,Herbivore
436,31428399,1,SQUIRRELGRAY,11_13_BC_000256.JPG,11_13_BC_000257.JPG,11_13_BC_000258.JPG,11,13,Deciduous,BC,1,11/15/18,3/4/19,3/4/19,Herbivore
437,31428400,1,SQUIRRELGRAY,11_13_BC_000259.JPG,11_13_BC_000260.JPG,11_13_BC_000261.JPG,11,13,Deciduous,BC,1,11/15/18,3/4/19,3/4/19,Herbivore
555,39638599,1,SQUIRRELGRAY,15_06_SH_000013.JPG,15_06_SH_000014.JPG,15_06_SH_000015.JPG,15,6,Deciduous,SH,4,9/20/19,12/7/19,12/7/19,Herbivore
564,39638686,1,SQUIRRELGRAY,15_06_SH_000043.JPG,15_06_SH_000044.JPG,15_06_SH_000045.JPG,15,6,Deciduous,SH,4,9/20/19,12/7/19,12/7/19,Herbivore
566,39638699,1,SQUIRRELGRAY,15_06_SH_000050.JPG,15_06_SH_000049.JPG,15_06_SH_000051.JPG,15,6,Deciduous,SH,4,9/20/19,12/7/19,12/7/19,Herbivore
568,39638845,1,SQUIRRELGRAY,15_06_SH_000055.JPG,15_06_SH_000056.JPG,15_06_SH_000057.JPG,15,6,Deciduous,SH,4,9/20/19,12/7/19,12/7/19,Herbivore
569,39638885,1,SQUIRRELGRAY,15_06_SH_000058.JPG,15_06_SH_000059.JPG,15_06_SH_000060.JPG,15,6,Deciduous,SH,4,9/20/19,12/7/19,12/7/19,Herbivore
571,39638915,1,SQUIRRELGRAY,15_06_SH_000064.JPG,15_06_SH_000065.JPG,15_06_SH_000066.JPG,15,6,Deciduous,SH,4,9/20/19,12/7/19,12/7/19,Herbivore
573,39638938,2,SQUIRRELGRAY,15_06_SH_000070.JPG,15_06_SH_000071.JPG,15_06_SH_000072.JPG,15,6,Deciduous,SH,4,9/20/19,12/7/19,12/7/19,Herbivore
574,39638947,1,SQUIRRELGRAY,15_06_SH_000073.JPG,15_06_SH_000074.JPG,15_06_SH_000075.JPG,15,6,Deciduous,SH,4,9/20/19,12/7/19,12/7/19,Herbivore
575,39638949,2,SQUIRRELGRAY,15_06_SH_000076.JPG,15_06_SH_000077.JPG,15_06_SH_000078.JPG,15,6,Deciduous,SH,4,9/20/19,12/7/19,12/7/19,Herbivore
580,39639104,1,SQUIRRELGRAY,15_06_SH_000094.JPG,15_06_SH_000095.JPG,15_06_SH_000096.JPG,15,6,Deciduous,SH,4,9/20/19,12/7/19,12/7/19,Herbivore
581,39639105,1,SQUIRRELGRAY,15_06_SH_000097.JPG,15_06_SH_000098.JPG,15_06_SH_000099.JPG,15,6,Deciduous,SH,4,9/20/19,12/7/19,12/7/19,Herbivore
584,39639170,1,SQUIRRELGRAY,15_06_SH_000106.JPG,15_06_SH_000107.JPG,15_06_SH_000108.JPG,15,6,Deciduous,SH,4,9/20/19,12/7/19,12/7/19,Herbivore
641,39639446,1,SQUIRRELGRAY,15_06_SH_000280.JPG,15_06_SH_000281.JPG,15_06_SH_000282.JPG,15,6,Deciduous,SH,4,9/20/19,12/7/19,12/7/19,Herbivore
643,39639470,1,SQUIRRELGRAY,15_06_SH_000286.JPG,15_06_SH_000287.JPG,15_06_SH_000288.JPG,15,6,Deciduous,SH,4,9/20/19,12/7/19,12/7/19,Herbivore
644,39639480,1,SQUIRRELGRAY,15_06_SH_000289.JPG,15_06_SH_000290.JPG,15_06_SH_000291.JPG,15,6,Deciduous,SH,4,9/20/19,12/7/19,12/7/19,Herbivore
645,39639514,1,SQUIRRELGRAY,15_06_SH_000292.JPG,15_06_SH_000293.JPG,15_06_SH_000294.JPG,15,6,Deciduous,SH,4,9/20/19,12/7/19,12/7/19,Herbivore
646,39639540,1,SQUIRRELGRAY,15_06_SH_000295.JPG,15_06_SH_000296.JPG,15_06_SH_000297.JPG,15,6,Deciduous,SH,4,9/20/19,12/7/19,12/7/19,Herbivore
648,39639602,1,SQUIRRELGRAY,15_06_SH_000301.JPG,15_06_SH_000302.JPG,15_06_SH_000303.JPG,15,6,Deciduous,SH,4,9/20/19,12/7/19,12/7/19,Herbivore
649,39639605,1,SQUIRRELGRAY,15_06_SH_000304.JPG,15_06_SH_000305.JPG,15_06_SH_000306.JPG,15,6,Deciduous,SH,4,9/20/19,12/7/19,12/7/19,Herbivore
650,39639612,1,SQUIRRELGRAY,15_06_SH_000307.JPG,15_06_SH_000308.JPG,15_06_SH_000309.JPG,15,6,Deciduous,SH,4,9/20/19,12/7/19,12/7/19,Herbivore
651,39639666,1,SQUIRRELGRAY,15_06_SH_000310.JPG,15_06_SH_000311.JPG,15_06_SH_000312.JPG,15,6,Deciduous,SH,4,9/20/19,12/7/19,12/7/19,Herbivore
652,39639686,1,SQUIRRELGRAY,15_06_SH_000313.JPG,15_06_SH_000314.JPG,15_06_SH_000315.JPG,15,6,Deciduous,SH,4,9/20/19,12/7/19,12/7/19,Herbivore
653,39639692,1,SQUIRRELGRAY,15_06_SH_000316.JPG,15_06_SH_000317.JPG,15_06_SH_000318.JPG,15,6,Deciduous,SH,4,9/20/19,12/7/19,12/7/19,Herbivore
721,39639816,1,SQUIRRELGRAY,15_06_SH_000520.JPG,15_06_SH_000521.JPG,15_06_SH_000522.JPG,15,6,Deciduous,SH,4,9/20/19,12/7/19,12/7/19,Herbivore
722,39639819,1,SQUIRRELGRAY,15_06_SH_000523.JPG,15_06_SH_000524.JPG,15_06_SH_000525.JPG,15,6,Deciduous,SH,4,9/20/19,12/7/19,12/7/19,Herbivore
726,39639893,1,SQUIRRELGRAY,15_06_SH_000538.JPG,15_06_SH_000539.JPG,15_06_SH_000540.JPG,15,6,Deciduous,SH,4,9/20/19,12/7/19,12/7/19,Herbivore
727,39639907,1,SQUIRRELGRAY,15_06_SH_000541.JPG,15_06_SH_000542.JPG,15_06_SH_000543.JPG,15,6,Deciduous,SH,4,9/20/19,12/7/19,12/7/19,Herbivore
728,39639911,2,SQUIRRELGRAY,15_06_SH_000544.JPG,15_06_SH_000545.JPG,15_06_SH_000546.JPG,15,6,Deciduous,SH,4,9/20/19,12/7/19,12/7/19,Herbivore
729,39639915,1,SQUIRRELGRAY,15_06_SH_000547.JPG,15_06_SH_000548.JPG,15_06_SH_000549.JPG,15,6,Deciduous,SH,4,9/20/19,12/7/19,12/7/19,Herbivore
736,39639996,1,SQUIRRELGRAY,15_06_SH_000571.JPG,15_06_SH_000573.JPG,15_06_SH_000572.JPG,15,6,Deciduous,SH,4,9/20/19,12/7/19,12/7/19,Herbivore
737,39639997,1,SQUIRRELGRAY,15_06_SH_000574.JPG,15_06_SH_000576.JPG,15_06_SH_000575.JPG,15,6,Deciduous,SH,4,9/20/19,12/7/19,12/7/19,Herbivore
738,39639998,1,SQUIRRELGRAY,15_06_SH_000577.JPG,15_06_SH_000579.JPG,15_06_SH_000578.JPG,15,6,Deciduous,SH,4,9/20/19,12/7/19,12/7/19,Herbivore
739,39640000,1,SQUIRRELGRAY,15_06_SH_000580.JPG,15_06_SH_000581.JPG,15_06_SH_000582.JPG,15,6,Deciduous,SH,4,9/20/19,12/7/19,12/7/19,Herbivore
745,39640013,1,SQUIRRELGRAY,15_06_SH_000598.JPG,15_06_SH_000599.JPG,15_06_SH_000600.JPG,15,6,Deciduous,SH,4,9/20/19,12/7/19,12/7/19,Herbivore
746,39640021,1,SQUIRRELGRAY,15_06_SH_000601.JPG,15_06_SH_000602.JPG,15_06_SH_000603.JPG,15,6,Deciduous,SH,4,9/20/19,12/7/19,12/7/19,Herbivore
747,39640028,1,SQUIRRELGRAY,15_06_SH_000604.JPG,15_06_SH_000605.JPG,15_06_SH_000606.JPG,15,6,Deciduous,SH,4,9/20/19,12/7/19,12/7/19,Herbivore
748,39640029,1,SQUIRRELGRAY,15_06_SH_000607.JPG,15_06_SH_000608.JPG,15_06_SH_000609.JPG,15,6,Deciduous,SH,4,9/20/19,12/7/19,12/7/19,Herbivore
749,39640030,1,SQUIRRELGRAY,15_06_SH_000610.JPG,15_06_SH_000611.JPG,15_06_SH_000612.JPG,15,6,Deciduous,SH,4,9/20/19,12/7/19,12/7/19,Herbivore
750,39640031,1,SQUIRRELGRAY,15_06_SH_000613.JPG,15_06_SH_000614.JPG,15_06_SH_000615.JPG,15,6,Deciduous,SH,4,9/20/19,12/7/19,12/7/19,Herbivore
751,39640032,1,SQUIRRELGRAY,15_06_SH_000616.JPG,15_06_SH_000617.JPG,15_06_SH_000618.JPG,15,6,Deciduous,SH,4,9/20/19,12/7/19,12/7/19,Herbivore
753,39640040,2,SQUIRRELGRAY,15_06_SH_000622.JPG,15_06_SH_000623.JPG,15_06_SH_000624.JPG,15,6,Deciduous,SH,4,9/20/19,12/7/19,12/7/19,Herbivore
754,39640047,1,SQUIRRELGRAY,15_06_SH_000625.JPG,15_06_SH_000626.JPG,15_06_SH_000627.JPG,15,6,Deciduous,SH,4,9/20/19,12/7/19,12/7/19,Herbivore
756,39640052,2,SQUIRRELGRAY,15_06_SH_000631.JPG,15_06_SH_000632.JPG,15_06_SH_000633.JPG,15,6,Deciduous,SH,4,9/20/19,12/7/19,12/7/19,Herbivore
757,39640058,1,SQUIRRELGRAY,15_06_SH_000635.JPG,15_06_SH_000634.JPG,15_06_SH_000636.JPG,15,6,Deciduous,SH,4,9/20/19,12/7/19,12/7/19,Herbivore
758,39640061,1,SQUIRRELGRAY,15_06_SH_000637.JPG,15_06_SH_000638.JPG,15_06_SH_000639.JPG,15,6,Deciduous,SH,4,9/20/19,12/7/19,12/7/19,Herbivore
760,39640065,1,SQUIRRELGRAY,15_06_SH_000643.JPG,15_06_SH_000644.JPG,15_06_SH_000645.JPG,15,6,Deciduous,SH,4,9/20/19,12/7/19,12/7/19,Herbivore
761,39640072,1,SQUIRRELGRAY,15_06_SH_000647.JPG,15_06_SH_000646.JPG,15_06_SH_000648.JPG,15,6,Deciduous,SH,4,9/20/19,12/7/19,12/7/19,Herbivore
762,39640076,1,SQUIRRELGRAY,15_06_SH_000650.JPG,15_06_SH_000649.JPG,15_06_SH_000651.JPG,15,6,Deciduous,SH,4,9/20/19,12/7/19,12/7/19,Herbivore
763,39640080,1,SQUIRRELGRAY,15_06_SH_000655.JPG,15_06_SH_000656.JPG,15_06_SH_000657.JPG,15,6,Deciduous,SH,4,9/20/19,12/7/19,12/7/19,Herbivore
853,37820613,1,SQUIRRELGRAY,15_16_WHIP_000061.JPG,15_16_WHIP_000062.JPG,15_16_WHIP_000063.JPG,15,16,Pine,WHIP,3,5/13/19,9/4/19,9/3/19,Herbivore
854,37820676,1,SQUIRRELGRAY,15_16_WHIP_000067.JPG,15_16_WHIP_000068.JPG,15_16_WHIP_000069.JPG,15,16,Pine,WHIP,3,5/13/19,9/4/19,9/3/19,Herbivore
860,37820924,1,SQUIRRELGRAY,15_16_WHIP_000088.JPG,15_16_WHIP_000089.JPG,15_16_WHIP_000090.JPG,15,16,Pine,WHIP,3,5/13/19,9/4/19,9/3/19,Herbivore
861,37820928,1,SQUIRRELGRAY,15_16_WHIP_000091.JPG,15_16_WHIP_000092.JPG,15_16_WHIP_000093.JPG,15,16,Pine,WHIP,3,5/13/19,9/4/19,9/3/19,Herbivore
877,37821898,1,SQUIRRELGRAY,15_16_WHIP_000163.JPG,15_16_WHIP_000164.JPG,15_16_WHIP_000165.JPG,15,16,Pine,WHIP,3,5/13/19,9/4/19,9/3/19,Herbivore
879,37821912,1,SQUIRRELGRAY,15_16_WHIP_000169.JPG,15_16_WHIP_000170.JPG,15_16_WHIP_000171.JPG,15,16,Pine,WHIP,3,5/13/19,9/4/19,9/3/19,Herbivore
905,37822787,1,SQUIRRELGRAY,15_16_WHIP_000286.JPG,15_16_WHIP_000287.JPG,15_16_WHIP_000288.JPG,15,16,Pine,WHIP,3,5/13/19,9/4/19,9/3/19,Herbivore
907,37823012,2,SQUIRRELGRAY,15_16_WHIP_000292.JPG,15_16_WHIP_000293.JPG,15_16_WHIP_000294.JPG,15,16,Pine,WHIP,3,5/13/19,9/4/19,9/3/19,Herbivore
908,37823027,1,SQUIRRELGRAY,15_16_WHIP_000295.JPG,15_16_WHIP_000296.JPG,15_16_WHIP_000297.JPG,15,16,Pine,WHIP,3,5/13/19,9/4/19,9/3/19,Herbivore
916,37823613,2,SQUIRRELGRAY,15_16_WHIP_000325.JPG,15_16_WHIP_000326.JPG,15_16_WHIP_000327.JPG,15,16,Pine,WHIP,3,5/13/19,9/4/19,9/3/19,Herbivore
920,37823780,1,SQUIRRELGRAY,15_16_WHIP_000340.JPG,15_16_WHIP_000341.JPG,15_16_WHIP_000342.JPG,15,16,Pine,WHIP,3,5/13/19,9/4/19,9/3/19,Herbivore
945,37161934,1,SQUIRRELGRAY,17_08_BC_000076.JPG,17_08_BC_000077.JPG,17_08_BC_000078.JPG,17,8,Deciduous,BC,2,3/4/19,5/11/19,5/11/19,Herbivore
946,37161935,1,SQUIRRELGRAY,17_08_BC_000079.JPG,17_08_BC_000080.JPG,17_08_BC_000081.JPG,17,8,Deciduous,BC,2,3/4/19,5/11/19,5/11/19,Herbivore
956,37161960,1,SQUIRRELGRAY,17_08_BC_000166.JPG,17_08_BC_000167.JPG,17_08_BC_000168.JPG,17,8,Deciduous,BC,2,3/4/19,5/11/19,5/11/19,Herbivore
963,37161985,2,SQUIRRELGRAY,17_08_BC_000262.JPG,17_08_BC_000263.JPG,17_08_BC_000264.JPG,17,8,Deciduous,BC,2,3/4/19,5/11/19,5/11/19,Herbivore
964,37161986,1,SQUIRRELGRAY,17_08_BC_000265.JPG,17_08_BC_000266.JPG,17_08_BC_000267.JPG,17,8,Deciduous,BC,2,3/4/19,5/11/19,5/11/19,Herbivore
966,37161989,2,SQUIRRELGRAY,17_08_BC_000274.JPG,17_08_BC_000275.JPG,17_08_BC_000276.JPG,17,8,Deciduous,BC,2,3/4/19,5/11/19,5/11/19,Herbivore
967,37161990,1,SQUIRRELGRAY,17_08_BC_000277.JPG,17_08_BC_000278.JPG,17_08_BC_000279.JPG,17,8,Deciduous,BC,2,3/4/19,5/11/19,5/11/19,Herbivore
978,31428538,1,SQUIRRELGRAY,17_24_BC_000028.JPG,17_24_BC_000029.JPG,17_24_BC_000030.JPG,17,24,Deciduous,BC,1,11/15/18,3/4/19,3/2/19,Herbivore
979,31428539,1,SQUIRRELGRAY,17_24_BC_000031.JPG,17_24_BC_000032.JPG,17_24_BC_000033.JPG,17,24,Deciduous,BC,1,11/15/18,3/4/19,3/2/19,Herbivore
980,31428540,1,SQUIRRELGRAY,17_24_BC_000034.JPG,17_24_BC_000035.JPG,17_24_BC_000036.JPG,17,24,Deciduous,BC,1,11/15/18,3/4/19,3/2/19,Herbivore
981,31428541,1,SQUIRRELGRAY,17_24_BC_000037.JPG,17_24_BC_000038.JPG,17_24_BC_000039.JPG,17,24,Deciduous,BC,1,11/15/18,3/4/19,3/2/19,Herbivore
986,31428547,1,SQUIRRELGRAY,17_24_BC_000055.JPG,17_24_BC_000056.JPG,17_24_BC_000057.JPG,17,24,Deciduous,BC,1,11/15/18,3/4/19,3/2/19,Herbivore
987,31428549,1,SQUIRRELGRAY,17_24_BC_000061.JPG,17_24_BC_000062.JPG,17_24_BC_000063.JPG,17,24,Deciduous,BC,1,11/15/18,3/4/19,3/2/19,Herbivore
988,31428550,1,SQUIRRELGRAY,17_24_BC_000064.JPG,17_24_BC_000065.JPG,17_24_BC_000066.JPG,17,24,Deciduous,BC,1,11/15/18,3/4/19,3/2/19,Herbivore
989,31428551,2,SQUIRRELGRAY,17_24_BC_000067.JPG,17_24_BC_000068.JPG,17_24_BC_000069.JPG,17,24,Deciduous,BC,1,11/15/18,3/4/19,3/2/19,Herbivore
990,31428553,1,SQUIRRELGRAY,17_24_BC_000073.JPG,17_24_BC_000074.JPG,17_24_BC_000075.JPG,17,24,Deciduous,BC,1,11/15/18,3/4/19,3/2/19,Herbivore
995,31428558,1,SQUIRRELGRAY,17_24_BC_000088.JPG,17_24_BC_000089.JPG,17_24_BC_000090.JPG,17,24,Deciduous,BC,1,11/15/18,3/4/19,3/2/19,Herbivore
996,31428559,1,SQUIRRELGRAY,17_24_BC_000091.JPG,17_24_BC_000092.JPG,17_24_BC_000093.JPG,17,24,Deciduous,BC,1,11/15/18,3/4/19,3/2/19,Herbivore
997,31428560,1,SQUIRRELGRAY,17_24_BC_000094.JPG,17_24_BC_000095.JPG,17_24_BC_000096.JPG,17,24,Deciduous,BC,1,11/15/18,3/4/19,3/2/19,Herbivore
998,31428561,1,SQUIRRELGRAY,17_24_BC_000097.JPG,17_24_BC_000098.JPG,17_24_BC_000099.JPG,17,24,Deciduous,BC,1,11/15/18,3/4/19,3/2/19,Herbivore
1014,31428578,1,SQUIRRELGRAY,17_24_BC_000148.JPG,17_24_BC_000149.JPG,17_24_BC_000150.JPG,17,24,Deciduous,BC,1,11/15/18,3/4/19,3/2/19,Herbivore
1016,31428582,1,SQUIRRELGRAY,17_24_BC_000160.JPG,17_24_BC_000161.JPG,17_24_BC_000162.JPG,17,24,Deciduous,BC,1,11/15/18,3/4/19,3/2/19,Herbivore
1017,31428583,1,SQUIRRELGRAY,17_24_BC_000163.JPG,17_24_BC_000164.JPG,17_24_BC_000165.JPG,17,24,Deciduous,BC,1,11/15/18,3/4/19,3/2/19,Herbivore
1029,31428600,1,SQUIRRELGRAY,17_24_BC_000214.JPG,17_24_BC_000215.JPG,17_24_BC_000216.JPG,17,24,Deciduous,BC,1,11/15/18,3/4/19,3/2/19,Herbivore
1032,31428603,1,SQUIRRELGRAY,17_24_BC_000223.JPG,17_24_BC_000224.JPG,17_24_BC_000225.JPG,17,24,Deciduous,BC,1,11/15/18,3/4/19,3/2/19,Herbivore
1039,31428612,1,SQUIRRELGRAY,17_24_BC_000250.JPG,17_24_BC_000251.JPG,17_24_BC_000252.JPG,17,24,Deciduous,BC,1,11/15/18,3/4/19,3/2/19,Herbivore
1040,31428613,1,SQUIRRELGRAY,17_24_BC_000253.JPG,17_24_BC_000254.JPG,17_24_BC_000255.JPG,17,24,Deciduous,BC,1,11/15/18,3/4/19,3/2/19,Herbivore
1041,31428614,2,SQUIRRELGRAY,17_24_BC_000256.JPG,17_24_BC_000257.JPG,17_24_BC_000258.JPG,17,24,Deciduous,BC,1,11/15/18,3/4/19,3/2/19,Herbivore
1042,31428615,1,SQUIRRELGRAY,17_24_BC_000259.JPG,17_24_BC_000260.JPG,17_24_BC_000261.JPG,17,24,Deciduous,BC,1,11/15/18,3/4/19,3/2/19,Herbivore
1043,31428616,1,SQUIRRELGRAY,17_24_BC_000262.JPG,17_24_BC_000263.JPG,17_24_BC_000264.JPG,17,24,Deciduous,BC,1,11/15/18,3/4/19,3/2/19,Herbivore
1044,31428617,1,SQUIRRELGRAY,17_24_BC_000265.JPG,17_24_BC_000266.JPG,17_24_BC_000267.JPG,17,24,Deciduous,BC,1,11/15/18,3/4/19,3/2/19,Herbivore
1046,31428619,1,SQUIRRELGRAY,17_24_BC_000271.JPG,17_24_BC_000272.JPG,17_24_BC_000273.JPG,17,24,Deciduous,BC,1,11/15/18,3/4/19,3/2/19,Herbivore
1174,37162065,1,SQUIRRELGRAY,18_40_WHIP_000229.JPG,18_40_WHIP_000230.JPG,18_40_WHIP_000231.JPG,18,40,Pine,WHIP,2,1/24/19,5/13/19,4/22/19,Herbivore
1190,31428656,2,SQUIRRELGRAY,21_21_DON_0042.JPG,21_21_DON_0043.JPG,21_21_DON_0044.JPG,21,21,Deciduous,DON,1,11/26/18,2/28/19,2/25/19,Herbivore
1404,31428827,1,SQUIRRELGRAY,23_03_SH_0007.JPG,23_03_SH_0008.JPG,23_03_SH_0009.JPG,23,3,Deciduous,SH,1,11/14/18,2/11/19,2/9/19,Herbivore
1405,31428828,1,SQUIRRELGRAY,23_03_SH_0010.JPG,23_03_SH_0011.JPG,23_03_SH_0012.JPG,23,3,Deciduous,SH,1,11/14/18,2/11/19,2/9/19,Herbivore
1407,31428831,1,SQUIRRELGRAY,23_03_SH_0019.JPG,23_03_SH_0020.JPG,23_03_SH_0021.JPG,23,3,Deciduous,SH,1,11/14/18,2/11/19,2/9/19,Herbivore
1410,31428834,1,SQUIRRELGRAY,23_03_SH_0028.JPG,23_03_SH_0029.JPG,23_03_SH_0030.JPG,23,3,Deciduous,SH,1,11/14/18,2/11/19,2/9/19,Herbivore
1428,31428856,1,SQUIRRELGRAY,23_03_SH_0094.JPG,23_03_SH_0095.JPG,23_03_SH_0096.JPG,23,3,Deciduous,SH,1,11/14/18,2/11/19,2/9/19,Herbivore
1455,39638620,1,SQUIRRELGRAY,23_24_SH_0013.JPG,23_24_SH_0014.JPG,23_24_SH_0015.JPG,23,24,Deciduous,SH,4,9/20/19,12/7/19,12/7/19,Herbivore
1457,39638635,1,SQUIRRELGRAY,23_24_SH_0019.JPG,23_24_SH_0020.JPG,23_24_SH_0021.JPG,23,24,Deciduous,SH,4,9/20/19,12/7/19,12/7/19,Herbivore
1461,39638706,1,SQUIRRELGRAY,23_24_SH_0031.JPG,23_24_SH_0032.JPG,23_24_SH_0033.JPG,23,24,Deciduous,SH,4,9/20/19,12/7/19,12/7/19,Herbivore
1462,39638707,1,SQUIRRELGRAY,23_24_SH_0034.JPG,23_24_SH_0035.JPG,23_24_SH_0036.JPG,23,24,Deciduous,SH,4,9/20/19,12/7/19,12/7/19,Herbivore
1463,39638708,2,SQUIRRELGRAY,23_24_SH_0037.JPG,23_24_SH_0038.JPG,23_24_SH_0039.JPG,23,24,Deciduous,SH,4,9/20/19,12/7/19,12/7/19,Herbivore
1465,39638714,1,SQUIRRELGRAY,23_24_SH_0043.JPG,23_24_SH_0044.JPG,23_24_SH_0045.JPG,23,24,Deciduous,SH,4,9/20/19,12/7/19,12/7/19,Herbivore
1466,39638737,1,SQUIRRELGRAY,23_24_SH_0046.JPG,23_24_SH_0047.JPG,23_24_SH_0048.JPG,23,24,Deciduous,SH,4,9/20/19,12/7/19,12/7/19,Herbivore
1467,39638738,1,SQUIRRELGRAY,23_24_SH_0049.JPG,23_24_SH_0050.JPG,23_24_SH_0051.JPG,23,24,Deciduous,SH,4,9/20/19,12/7/19,12/7/19,Herbivore
1471,39638780,1,SQUIRRELGRAY,23_24_SH_0061.JPG,23_24_SH_0062.JPG,23_24_SH_0063.JPG,23,24,Deciduous,SH,4,9/20/19,12/7/19,12/7/19,Herbivore
1472,39638784,1,SQUIRRELGRAY,23_24_SH_0064.JPG,23_24_SH_0065.JPG,23_24_SH_0066.JPG,23,24,Deciduous,SH,4,9/20/19,12/7/19,12/7/19,Herbivore
1478,39638830,1,SQUIRRELGRAY,23_24_SH_0082.JPG,23_24_SH_0083.JPG,23_24_SH_0084.JPG,23,24,Deciduous,SH,4,9/20/19,12/7/19,12/7/19,Herbivore
1479,39638844,1,SQUIRRELGRAY,23_24_SH_0085.JPG,23_24_SH_0086.JPG,23_24_SH_0087.JPG,23,24,Deciduous,SH,4,9/20/19,12/7/19,12/7/19,Herbivore
1480,39638864,1,SQUIRRELGRAY,23_24_SH_0088.JPG,23_24_SH_0089.JPG,23_24_SH_0090.JPG,23,24,Deciduous,SH,4,9/20/19,12/7/19,12/7/19,Herbivore
1483,39638883,1,SQUIRRELGRAY,23_24_SH_0097.JPG,23_24_SH_0098.JPG,23_24_SH_0099.JPG,23,24,Deciduous,SH,4,9/20/19,12/7/19,12/7/19,Herbivore
1485,39638890,1,SQUIRRELGRAY,23_24_SH_0103.JPG,23_24_SH_0104.JPG,23_24_SH_0105.JPG,23,24,Deciduous,SH,4,9/20/19,12/7/19,12/7/19,Herbivore
1494,39638958,1,SQUIRRELGRAY,23_24_SH_0130.JPG,23_24_SH_0131.JPG,23_24_SH_0132.JPG,23,24,Deciduous,SH,4,9/20/19,12/7/19,12/7/19,Herbivore
1500,39639061,1,SQUIRRELGRAY,23_24_SH_0148.JPG,23_24_SH_0149.JPG,23_24_SH_0150.JPG,23,24,Deciduous,SH,4,9/20/19,12/7/19,12/7/19,Herbivore
1501,39639063,1,SQUIRRELGRAY,23_24_SH_0151.JPG,23_24_SH_0152.JPG,23_24_SH_0153.JPG,23,24,Deciduous,SH,4,9/20/19,12/7/19,12/7/19,Herbivore
1504,39639118,1,SQUIRRELGRAY,23_24_SH_0160.JPG,23_24_SH_0161.JPG,23_24_SH_0162.JPG,23,24,Deciduous,SH,4,9/20/19,12/7/19,12/7/19,Herbivore
1506,39639125,1,SQUIRRELGRAY,23_24_SH_0166.JPG,23_24_SH_0167.JPG,23_24_SH_0168.JPG,23,24,Deciduous,SH,4,9/20/19,12/7/19,12/7/19,Herbivore
1535,37820478,1,SQUIRRELGRAY,23_32_SH_0052.JPG,23_32_SH_0053.JPG,23_32_SH_0054.JPG,23,32,Deciduous,SH,3,5/10/19,8/31/19,8/31/19,Herbivore
1539,37820539,1,SQUIRRELGRAY,23_32_SH_0064.JPG,23_32_SH_0065.JPG,23_32_SH_0066.JPG,23,32,Deciduous,SH,3,5/10/19,8/31/19,8/31/19,Herbivore
1547,37821712,2,SQUIRRELGRAY,23_32_SH_0133.JPG,23_32_SH_0134.JPG,23_32_SH_0135.JPG,23,32,Deciduous,SH,3,5/10/19,8/31/19,8/31/19,Herbivore
1561,37822740,1,SQUIRRELGRAY,23_32_SH_0190.JPG,23_32_SH_0191.JPG,23_32_SH_0192.JPG,23,32,Deciduous,SH,3,5/10/19,8/31/19,8/31/19,Herbivore
1581,31428878,1,SQUIRRELGRAY,24_04_BC_0040.JPG,24_04_BC_0041.JPG,24_04_BC_0042.JPG,24,4,Deciduous,BC,1,11/15/18,3/4/19,12/5/18,Herbivore
1589,31428886,1,SQUIRRELGRAY,24_04_BC_0064.JPG,24_04_BC_0065.JPG,24_04_BC_0066.JPG,24,4,Deciduous,BC,1,11/15/18,3/4/19,12/5/18,Herbivore
1590,31428887,2,SQUIRRELGRAY,24_04_BC_0067.JPG,24_04_BC_0068.JPG,24_04_BC_0069.JPG,24,4,Deciduous,BC,1,11/15/18,3/4/19,12/5/18,Herbivore
1598,37162240,1,SQUIRRELGRAY,24_18_BC_0001.JPG,24_18_BC_0002.JPG,24_18_BC_0003.JPG,24,18,Deciduous,BC,2,3/4/19,5/11/19,5/11/19,Herbivore
1602,37162245,1,SQUIRRELGRAY,24_18_BC_0022.JPG,24_18_BC_0023.JPG,24_18_BC_0024.JPG,24,18,Deciduous,BC,2,3/4/19,5/11/19,5/11/19,Herbivore
1603,37162246,1,SQUIRRELGRAY,24_18_BC_0025.JPG,24_18_BC_0026.JPG,24_18_BC_0027.JPG,24,18,Deciduous,BC,2,3/4/19,5/11/19,5/11/19,Herbivore
1604,37162247,2,SQUIRRELGRAY,24_18_BC_0028.JPG,24_18_BC_0029.JPG,24_18_BC_0030.JPG,24,18,Deciduous,BC,2,3/4/19,5/11/19,5/11/19,Herbivore
1606,37162249,1,SQUIRRELGRAY,24_18_BC_0034.JPG,24_18_BC_0035.JPG,24_18_BC_0036.JPG,24,18,Deciduous,BC,2,3/4/19,5/11/19,5/11/19,Herbivore
1607,37162250,1,SQUIRRELGRAY,24_18_BC_0037.JPG,24_18_BC_0038.JPG,24_18_BC_0039.JPG,24,18,Deciduous,BC,2,3/4/19,5/11/19,5/11/19,Herbivore
1611,37162254,1,SQUIRRELGRAY,24_18_BC_0049.JPG,24_18_BC_0050.JPG,24_18_BC_0051.JPG,24,18,Deciduous,BC,2,3/4/19,5/11/19,5/11/19,Herbivore
1613,37162256,1,SQUIRRELGRAY,24_18_BC_0055.JPG,24_18_BC_0056.JPG,24_18_BC_0057.JPG,24,18,Deciduous,BC,2,3/4/19,5/11/19,5/11/19,Herbivore
1614,37162257,1,SQUIRRELGRAY,24_18_BC_0058.JPG,24_18_BC_0059.JPG,24_18_BC_0060.JPG,24,18,Deciduous,BC,2,3/4/19,5/11/19,5/11/19,Herbivore
1629,37162276,1,SQUIRRELGRAY,24_18_BC_0127.JPG,24_18_BC_0128.JPG,24_18_BC_0129.JPG,24,18,Deciduous,BC,2,3/4/19,5/11/19,5/11/19,Herbivore
1630,37162279,1,SQUIRRELGRAY,24_18_BC_0136.JPG,24_18_BC_0137.JPG,24_18_BC_0138.JPG,24,18,Deciduous,BC,2,3/4/19,5/11/19,5/11/19,Herbivore
1635,37162284,1,SQUIRRELGRAY,24_18_BC_0154.JPG,24_18_BC_0155.JPG,24_18_BC_0156.JPG,24,18,Deciduous,BC,2,3/4/19,5/11/19,5/11/19,Herbivore
1636,37162288,1,SQUIRRELGRAY,24_18_BC_0172.JPG,24_18_BC_0173.JPG,24_18_BC_0174.JPG,24,18,Deciduous,BC,2,3/4/19,5/11/19,5/11/19,Herbivore
1639,37162308,1,SQUIRRELGRAY,24_18_BC_0256.JPG,24_18_BC_0257.JPG,24_18_BC_0258.JPG,24,18,Deciduous,BC,2,3/4/19,5/11/19,5/11/19,Herbivore
1640,37162309,1,SQUIRRELGRAY,24_18_BC_0259.JPG,24_18_BC_0260.JPG,24_18_BC_0261.JPG,24,18,Deciduous,BC,2,3/4/19,5/11/19,5/11/19,Herbivore
1642,37162336,1,SQUIRRELGRAY,24_18_BC_0364.JPG,24_18_BC_0365.JPG,24_18_BC_0366.JPG,24,18,Deciduous,BC,2,3/4/19,5/11/19,5/11/19,Herbivore
1668,31428906,1,SQUIRRELGRAY,25_09_SH_0036.JPG,25_09_SH_0037.JPG,25_09_SH_0038.JPG,25,9,Deciduous,SH,1,11/14/18,2/11/19,1/16/19,Herbivore
1673,31428915,1,SQUIRRELGRAY,25_09_SH_0063.JPG,25_09_SH_0064.JPG,25_09_SH_0065.JPG,25,9,Deciduous,SH,1,11/14/18,2/11/19,1/16/19,Herbivore
1674,31428916,2,SQUIRRELGRAY,25_09_SH_0066.JPG,25_09_SH_0067.JPG,25_09_SH_0068.JPG,25,9,Deciduous,SH,1,11/14/18,2/11/19,1/16/19,Herbivore
1678,31428920,2,SQUIRRELGRAY,25_09_SH_0078.JPG,25_09_SH_0079.JPG,25_09_SH_0080.JPG,25,9,Deciduous,SH,1,11/14/18,2/11/19,1/16/19,Herbivore
1681,37818601,1,SQUIRRELGRAY,25_38_SH_0004.JPG,25_38_SH_0005.JPG,25_38_SH_0006.JPG,25,38,Deciduous,SH,3,5/10/19,8/31/19,5/20/19,Herbivore
1712,41008532,1,SQUIRRELGRAY,27_41_BC_0028.JPG,27_41_BC_0029.JPG,27_41_BC_0030.JPG,27,41,Deciduous,BC,4,10/9/19,12/14/19,10/13/19,Herbivore
1713,41008533,1,SQUIRRELGRAY,27_41_BC_0031.JPG,27_41_BC_0032.JPG,27_41_BC_0033.JPG,27,41,Deciduous,BC,4,10/9/19,12/14/19,10/13/19,Herbivore
1714,41008535,1,SQUIRRELGRAY,27_41_BC_0037.JPG,27_41_BC_0038.JPG,27_41_BC_0039.JPG,27,41,Deciduous,BC,4,10/9/19,12/14/19,10/13/19,Herbivore
1715,41008536,1,SQUIRRELGRAY,27_41_BC_0040.JPG,27_41_BC_0041.JPG,27_41_BC_0042.JPG,27,41,Deciduous,BC,4,10/9/19,12/14/19,10/13/19,Herbivore
1716,39638586,2,SQUIRRELGRAY,28_01_SH_0001.JPG,28_01_SH_0002.JPG,28_01_SH_0003.JPG,28,1,Deciduous,SH,4,9/20/19,12/7/19,12/7/19,Herbivore
1723,39638618,2,SQUIRRELGRAY,28_01_SH_0025.JPG,28_01_SH_0026.JPG,28_01_SH_0027.JPG,28,1,Deciduous,SH,4,9/20/19,12/7/19,12/7/19,Herbivore
1724,39638619,1,SQUIRRELGRAY,28_01_SH_0028.JPG,28_01_SH_0029.JPG,28_01_SH_0030.JPG,28,1,Deciduous,SH,4,9/20/19,12/7/19,12/7/19,Herbivore
1726,39638622,1,SQUIRRELGRAY,28_01_SH_0034.JPG,28_01_SH_0035.JPG,28_01_SH_0036.JPG,28,1,Deciduous,SH,4,9/20/19,12/7/19,12/7/19,Herbivore
1727,39638623,1,SQUIRRELGRAY,28_01_SH_0037.JPG,28_01_SH_0038.JPG,28_01_SH_0039.JPG,28,1,Deciduous,SH,4,9/20/19,12/7/19,12/7/19,Herbivore
1728,39638624,2,SQUIRRELGRAY,28_01_SH_0040.JPG,28_01_SH_0041.JPG,28_01_SH_0042.JPG,28,1,Deciduous,SH,4,9/20/19,12/7/19,12/7/19,Herbivore
1729,39638625,1,SQUIRRELGRAY,28_01_SH_0043.JPG,28_01_SH_0044.JPG,28_01_SH_0045.JPG,28,1,Deciduous,SH,4,9/20/19,12/7/19,12/7/19,Herbivore
1730,39638628,1,SQUIRRELGRAY,28_01_SH_0046.JPG,28_01_SH_0047.JPG,28_01_SH_0048.JPG,28,1,Deciduous,SH,4,9/20/19,12/7/19,12/7/19,Herbivore
1732,39638633,2,SQUIRRELGRAY,28_01_SH_0052.JPG,28_01_SH_0053.JPG,28_01_SH_0054.JPG,28,1,Deciduous,SH,4,9/20/19,12/7/19,12/7/19,Herbivore
1733,39638634,1,SQUIRRELGRAY,28_01_SH_0055.JPG,28_01_SH_0056.JPG,28_01_SH_0057.JPG,28,1,Deciduous,SH,4,9/20/19,12/7/19,12/7/19,Herbivore
1734,39638636,1,SQUIRRELGRAY,28_01_SH_0058.JPG,28_01_SH_0059.JPG,28_01_SH_0060.JPG,28,1,Deciduous,SH,4,9/20/19,12/7/19,12/7/19,Herbivore
1736,39638687,1,SQUIRRELGRAY,28_01_SH_0064.JPG,28_01_SH_0065.JPG,28_01_SH_0066.JPG,28,1,Deciduous,SH,4,9/20/19,12/7/19,12/7/19,Herbivore
1737,39638689,1,SQUIRRELGRAY,28_01_SH_0067.JPG,28_01_SH_0068.JPG,28_01_SH_0069.JPG,28,1,Deciduous,SH,4,9/20/19,12/7/19,12/7/19,Herbivore
1738,39638696,1,SQUIRRELGRAY,28_01_SH_0070.JPG,28_01_SH_0071.JPG,28_01_SH_0072.JPG,28,1,Deciduous,SH,4,9/20/19,12/7/19,12/7/19,Herbivore
1742,39638716,1,SQUIRRELGRAY,28_01_SH_0082.JPG,28_01_SH_0083.JPG,28_01_SH_0084.JPG,28,1,Deciduous,SH,4,9/20/19,12/7/19,12/7/19,Herbivore
1745,39638727,1,SQUIRRELGRAY,28_01_SH_0091.JPG,28_01_SH_0092.JPG,28_01_SH_0093.JPG,28,1,Deciduous,SH,4,9/20/19,12/7/19,12/7/19,Herbivore
1746,39638728,1,SQUIRRELGRAY,28_01_SH_0094.JPG,28_01_SH_0095.JPG,28_01_SH_0096.JPG,28,1,Deciduous,SH,4,9/20/19,12/7/19,12/7/19,Herbivore
1748,39638740,1,SQUIRRELGRAY,28_01_SH_0100.JPG,28_01_SH_0101.JPG,28_01_SH_0102.JPG,28,1,Deciduous,SH,4,9/20/19,12/7/19,12/7/19,Herbivore
1750,39638805,1,SQUIRRELGRAY,28_01_SH_0109.JPG,28_01_SH_0110.JPG,28_01_SH_0111.JPG,28,1,Deciduous,SH,4,9/20/19,12/7/19,12/7/19,Herbivore
1753,39638828,1,SQUIRRELGRAY,28_01_SH_0118.JPG,28_01_SH_0119.JPG,28_01_SH_0120.JPG,28,1,Deciduous,SH,4,9/20/19,12/7/19,12/7/19,Herbivore
1755,39638866,2,SQUIRRELGRAY,28_01_SH_0127.JPG,28_01_SH_0128.JPG,28_01_SH_0129.JPG,28,1,Deciduous,SH,4,9/20/19,12/7/19,12/7/19,Herbivore
1758,39638874,1,SQUIRRELGRAY,28_01_SH_0136.JPG,28_01_SH_0137.JPG,28_01_SH_0138.JPG,28,1,Deciduous,SH,4,9/20/19,12/7/19,12/7/19,Herbivore
1762,39638908,1,SQUIRRELGRAY,28_01_SH_0148.JPG,28_01_SH_0149.JPG,28_01_SH_0150.JPG,28,1,Deciduous,SH,4,9/20/19,12/7/19,12/7/19,Herbivore
1773,39639002,1,SQUIRRELGRAY,28_01_SH_0190.JPG,28_01_SH_0191.JPG,28_01_SH_0192.JPG,28,1,Deciduous,SH,4,9/20/19,12/7/19,12/7/19,Herbivore
1777,39639120,1,SQUIRRELGRAY,28_01_SH_0205.JPG,28_01_SH_0206.JPG,28_01_SH_0207.JPG,28,1,Deciduous,SH,4,9/20/19,12/7/19,12/7/19,Herbivore
1781,39639210,1,SQUIRRELGRAY,28_01_SH_0220.JPG,28_01_SH_0221.JPG,28_01_SH_0222.JPG,28,1,Deciduous,SH,4,9/20/19,12/7/19,12/7/19,Herbivore
1783,39639222,1,SQUIRRELGRAY,28_01_SH_0229.JPG,28_01_SH_0230.JPG,28_01_SH_0231.JPG,28,1,Deciduous,SH,4,9/20/19,12/7/19,12/7/19,Herbivore
1784,39639224,1,SQUIRRELGRAY,28_01_SH_0235.JPG,28_01_SH_0236.JPG,28_01_SH_0237.JPG,28,1,Deciduous,SH,4,9/20/19,12/7/19,12/7/19,Herbivore
1785,39639234,1,SQUIRRELGRAY,28_01_SH_0238.JPG,28_01_SH_0239.JPG,28_01_SH_0240.JPG,28,1,Deciduous,SH,4,9/20/19,12/7/19,12/7/19,Herbivore
1788,39639248,1,SQUIRRELGRAY,28_01_SH_0250.JPG,28_01_SH_0251.JPG,28_01_SH_0252.JPG,28,1,Deciduous,SH,4,9/20/19,12/7/19,12/7/19,Herbivore
1789,39639291,1,SQUIRRELGRAY,28_01_SH_0253.JPG,28_01_SH_0254.JPG,28_01_SH_0255.JPG,28,1,Deciduous,SH,4,9/20/19,12/7/19,12/7/19,Herbivore
1790,39639302,1,SQUIRRELGRAY,28_01_SH_0256.JPG,28_01_SH_0257.JPG,28_01_SH_0258.JPG,28,1,Deciduous,SH,4,9/20/19,12/7/19,12/7/19,Herbivore
1791,39639303,1,SQUIRRELGRAY,28_01_SH_0259.JPG,28_01_SH_0260.JPG,28_01_SH_0261.JPG,28,1,Deciduous,SH,4,9/20/19,12/7/19,12/7/19,Herbivore
1792,39639306,1,SQUIRRELGRAY,28_01_SH_0262.JPG,28_01_SH_0263.JPG,28_01_SH_0264.JPG,28,1,Deciduous,SH,4,9/20/19,12/7/19,12/7/19,Herbivore
1793,39639308,2,SQUIRRELGRAY,28_01_SH_0265.JPG,28_01_SH_0266.JPG,28_01_SH_0267.JPG,28,1,Deciduous,SH,4,9/20/19,12/7/19,12/7/19,Herbivore
1794,39639309,1,SQUIRRELGRAY,28_01_SH_0268.JPG,28_01_SH_0269.JPG,28_01_SH_0270.JPG,28,1,Deciduous,SH,4,9/20/19,12/7/19,12/7/19,Herbivore
1795,39639319,2,SQUIRRELGRAY,28_01_SH_0271.JPG,28_01_SH_0272.JPG,28_01_SH_0273.JPG,28,1,Deciduous,SH,4,9/20/19,12/7/19,12/7/19,Herbivore
1796,39639337,1,SQUIRRELGRAY,28_01_SH_0274.JPG,28_01_SH_0275.JPG,28_01_SH_0276.JPG,28,1,Deciduous,SH,4,9/20/19,12/7/19,12/7/19,Herbivore
1799,39639343,1,SQUIRRELGRAY,28_01_SH_0283.JPG,28_01_SH_0284.JPG,28_01_SH_0285.JPG,28,1,Deciduous,SH,4,9/20/19,12/7/19,12/7/19,Herbivore
1801,39639364,1,SQUIRRELGRAY,28_01_SH_0289.JPG,28_01_SH_0290.JPG,28_01_SH_0291.JPG,28,1,Deciduous,SH,4,9/20/19,12/7/19,12/7/19,Herbivore
1802,39639381,1,SQUIRRELGRAY,28_01_SH_0292.JPG,28_01_SH_0293.JPG,28_01_SH_0294.JPG,28,1,Deciduous,SH,4,9/20/19,12/7/19,12/7/19,Herbivore
1803,39639384,1,SQUIRRELGRAY,28_01_SH_0295.JPG,28_01_SH_0296.JPG,28_01_SH_0297.JPG,28,1,Deciduous,SH,4,9/20/19,12/7/19,12/7/19,Herbivore
1804,39639396,1,SQUIRRELGRAY,28_01_SH_0298.JPG,28_01_SH_0299.JPG,28_01_SH_0300.JPG,28,1,Deciduous,SH,4,9/20/19,12/7/19,12/7/19,Herbivore
1809,39639435,1,SQUIRRELGRAY,28_01_SH_0313.JPG,28_01_SH_0314.JPG,NA,28,1,Deciduous,SH,4,9/20/19,12/7/19,12/7/19,Herbivore
1810,39639436,1,SQUIRRELGRAY,28_01_SH_0316.JPG,28_01_SH_0317.JPG,28_01_SH_0318.JPG,28,1,Deciduous,SH,4,9/20/19,12/7/19,12/7/19,Herbivore
1814,39639442,1,SQUIRRELGRAY,28_01_SH_0328.JPG,28_01_SH_0329.JPG,28_01_SH_0330.JPG,28,1,Deciduous,SH,4,9/20/19,12/7/19,12/7/19,Herbivore
1816,39639454,2,SQUIRRELGRAY,28_01_SH_0334.JPG,28_01_SH_0335.JPG,28_01_SH_0336.JPG,28,1,Deciduous,SH,4,9/20/19,12/7/19,12/7/19,Herbivore
1817,39639455,1,SQUIRRELGRAY,28_01_SH_0337.JPG,28_01_SH_0338.JPG,28_01_SH_0339.JPG,28,1,Deciduous,SH,4,9/20/19,12/7/19,12/7/19,Herbivore
1818,39639466,1,SQUIRRELGRAY,28_01_SH_0340.JPG,28_01_SH_0341.JPG,28_01_SH_0342.JPG,28,1,Deciduous,SH,4,9/20/19,12/7/19,12/7/19,Herbivore
1819,39639472,1,SQUIRRELGRAY,28_01_SH_0343.JPG,28_01_SH_0344.JPG,28_01_SH_0345.JPG,28,1,Deciduous,SH,4,9/20/19,12/7/19,12/7/19,Herbivore
1820,39639473,2,SQUIRRELGRAY,28_01_SH_0346.JPG,28_01_SH_0347.JPG,28_01_SH_0348.JPG,28,1,Deciduous,SH,4,9/20/19,12/7/19,12/7/19,Herbivore
1822,39639502,1,SQUIRRELGRAY,28_01_SH_0355.JPG,28_01_SH_0356.JPG,28_01_SH_0357.JPG,28,1,Deciduous,SH,4,9/20/19,12/7/19,12/7/19,Herbivore
1823,39639512,1,SQUIRRELGRAY,28_01_SH_0358.JPG,28_01_SH_0359.JPG,28_01_SH_0360.JPG,28,1,Deciduous,SH,4,9/20/19,12/7/19,12/7/19,Herbivore
1824,39639566,1,SQUIRRELGRAY,28_01_SH_0361.JPG,28_01_SH_0362.JPG,28_01_SH_0363.JPG,28,1,Deciduous,SH,4,9/20/19,12/7/19,12/7/19,Herbivore
1825,39639568,1,SQUIRRELGRAY,28_01_SH_0364.JPG,28_01_SH_0365.JPG,28_01_SH_0366.JPG,28,1,Deciduous,SH,4,9/20/19,12/7/19,12/7/19,Herbivore
1829,39639585,1,SQUIRRELGRAY,28_01_SH_0376.JPG,28_01_SH_0377.JPG,28_01_SH_0378.JPG,28,1,Deciduous,SH,4,9/20/19,12/7/19,12/7/19,Herbivore
1830,39639588,1,SQUIRRELGRAY,28_01_SH_0379.JPG,28_01_SH_0380.JPG,28_01_SH_0381.JPG,28,1,Deciduous,SH,4,9/20/19,12/7/19,12/7/19,Herbivore
1831,39639607,1,SQUIRRELGRAY,28_01_SH_0382.JPG,28_01_SH_0383.JPG,28_01_SH_0384.JPG,28,1,Deciduous,SH,4,9/20/19,12/7/19,12/7/19,Herbivore
1833,39639678,1,SQUIRRELGRAY,28_01_SH_0394.JPG,28_01_SH_0395.JPG,28_01_SH_0396.JPG,28,1,Deciduous,SH,4,9/20/19,12/7/19,12/7/19,Herbivore
1834,39639679,1,SQUIRRELGRAY,28_01_SH_0397.JPG,28_01_SH_0398.JPG,28_01_SH_0399.JPG,28,1,Deciduous,SH,4,9/20/19,12/7/19,12/7/19,Herbivore
1835,39639696,1,SQUIRRELGRAY,28_01_SH_0400.JPG,28_01_SH_0401.JPG,28_01_SH_0402.JPG,28,1,Deciduous,SH,4,9/20/19,12/7/19,12/7/19,Herbivore
1837,39639815,2,SQUIRRELGRAY,28_01_SH_0412.JPG,28_01_SH_0413.JPG,28_01_SH_0414.JPG,28,1,Deciduous,SH,4,9/20/19,12/7/19,12/7/19,Herbivore
1838,39639859,1,SQUIRRELGRAY,28_01_SH_0415.JPG,28_01_SH_0416.JPG,28_01_SH_0417.JPG,28,1,Deciduous,SH,4,9/20/19,12/7/19,12/7/19,Herbivore
1839,39639892,2,SQUIRRELGRAY,28_01_SH_0418.JPG,28_01_SH_0419.JPG,28_01_SH_0420.JPG,28,1,Deciduous,SH,4,9/20/19,12/7/19,12/7/19,Herbivore
1840,39639906,2,SQUIRRELGRAY,28_01_SH_0421.JPG,28_01_SH_0422.JPG,28_01_SH_0423.JPG,28,1,Deciduous,SH,4,9/20/19,12/7/19,12/7/19,Herbivore
1842,39639930,2,SQUIRRELGRAY,28_01_SH_0430.JPG,28_01_SH_0431.JPG,28_01_SH_0432.JPG,28,1,Deciduous,SH,4,9/20/19,12/7/19,12/7/19,Herbivore
1843,39639931,1,SQUIRRELGRAY,28_01_SH_0433.JPG,28_01_SH_0434.JPG,28_01_SH_0435.JPG,28,1,Deciduous,SH,4,9/20/19,12/7/19,12/7/19,Herbivore
1844,39639932,1,SQUIRRELGRAY,28_01_SH_0436.JPG,28_01_SH_0437.JPG,28_01_SH_0438.JPG,28,1,Deciduous,SH,4,9/20/19,12/7/19,12/7/19,Herbivore
1845,39639933,1,SQUIRRELGRAY,28_01_SH_0439.JPG,28_01_SH_0440.JPG,28_01_SH_0441.JPG,28,1,Deciduous,SH,4,9/20/19,12/7/19,12/7/19,Herbivore
1846,39639934,1,SQUIRRELGRAY,28_01_SH_0442.JPG,28_01_SH_0443.JPG,28_01_SH_0444.JPG,28,1,Deciduous,SH,4,9/20/19,12/7/19,12/7/19,Herbivore
1847,39639955,1,SQUIRRELGRAY,28_01_SH_0448.JPG,28_01_SH_0449.JPG,28_01_SH_0450.JPG,28,1,Deciduous,SH,4,9/20/19,12/7/19,12/7/19,Herbivore
1849,39639958,2,SQUIRRELGRAY,28_01_SH_0454.JPG,28_01_SH_0455.JPG,28_01_SH_0456.JPG,28,1,Deciduous,SH,4,9/20/19,12/7/19,12/7/19,Herbivore
1850,39639966,1,SQUIRRELGRAY,28_01_SH_0457.JPG,28_01_SH_0458.JPG,28_01_SH_0459.JPG,28,1,Deciduous,SH,4,9/20/19,12/7/19,12/7/19,Herbivore
1851,39639969,1,SQUIRRELGRAY,28_01_SH_0463.JPG,28_01_SH_0464.JPG,28_01_SH_0465.JPG,28,1,Deciduous,SH,4,9/20/19,12/7/19,12/7/19,Herbivore
1852,39639973,1,SQUIRRELGRAY,28_01_SH_0469.JPG,28_01_SH_0470.JPG,28_01_SH_0471.JPG,28,1,Deciduous,SH,4,9/20/19,12/7/19,12/7/19,Herbivore
1853,39639975,1,SQUIRRELGRAY,28_01_SH_0472.JPG,28_01_SH_0473.JPG,28_01_SH_0474.JPG,28,1,Deciduous,SH,4,9/20/19,12/7/19,12/7/19,Herbivore
1854,39639976,1,SQUIRRELGRAY,28_01_SH_0475.JPG,28_01_SH_0476.JPG,28_01_SH_0477.JPG,28,1,Deciduous,SH,4,9/20/19,12/7/19,12/7/19,Herbivore
1855,39639977,1,SQUIRRELGRAY,28_01_SH_0478.JPG,28_01_SH_0479.JPG,28_01_SH_0480.JPG,28,1,Deciduous,SH,4,9/20/19,12/7/19,12/7/19,Herbivore
1856,39639978,1,SQUIRRELGRAY,28_01_SH_0481.JPG,28_01_SH_0482.JPG,28_01_SH_0483.JPG,28,1,Deciduous,SH,4,9/20/19,12/7/19,12/7/19,Herbivore
1857,39639979,1,SQUIRRELGRAY,28_01_SH_0484.JPG,28_01_SH_0485.JPG,28_01_SH_0486.JPG,28,1,Deciduous,SH,4,9/20/19,12/7/19,12/7/19,Herbivore
1858,39639980,1,SQUIRRELGRAY,28_01_SH_0487.JPG,28_01_SH_0488.JPG,28_01_SH_0489.JPG,28,1,Deciduous,SH,4,9/20/19,12/7/19,12/7/19,Herbivore
1859,39639981,1,SQUIRRELGRAY,28_01_SH_0490.JPG,28_01_SH_0491.JPG,28_01_SH_0492.JPG,28,1,Deciduous,SH,4,9/20/19,12/7/19,12/7/19,Herbivore
1860,39639982,1,SQUIRRELGRAY,28_01_SH_0493.JPG,28_01_SH_0494.JPG,28_01_SH_0495.JPG,28,1,Deciduous,SH,4,9/20/19,12/7/19,12/7/19,Herbivore
1861,39639983,1,SQUIRRELGRAY,28_01_SH_0496.JPG,28_01_SH_0497.JPG,28_01_SH_0498.JPG,28,1,Deciduous,SH,4,9/20/19,12/7/19,12/7/19,Herbivore
1862,39639984,1,SQUIRRELGRAY,28_01_SH_0499.JPG,28_01_SH_0500.JPG,28_01_SH_0501.JPG,28,1,Deciduous,SH,4,9/20/19,12/7/19,12/7/19,Herbivore
1863,39639985,1,SQUIRRELGRAY,28_01_SH_0502.JPG,28_01_SH_0503.JPG,28_01_SH_0504.JPG,28,1,Deciduous,SH,4,9/20/19,12/7/19,12/7/19,Herbivore
1864,39639986,2,SQUIRRELGRAY,28_01_SH_0505.JPG,28_01_SH_0506.JPG,28_01_SH_0507.JPG,28,1,Deciduous,SH,4,9/20/19,12/7/19,12/7/19,Herbivore
1865,39639987,1,SQUIRRELGRAY,28_01_SH_0508.JPG,28_01_SH_0509.JPG,28_01_SH_0510.JPG,28,1,Deciduous,SH,4,9/20/19,12/7/19,12/7/19,Herbivore
1866,39639988,2,SQUIRRELGRAY,28_01_SH_0511.JPG,28_01_SH_0512.JPG,28_01_SH_0513.JPG,28,1,Deciduous,SH,4,9/20/19,12/7/19,12/7/19,Herbivore
1867,39639990,2,SQUIRRELGRAY,28_01_SH_0514.JPG,28_01_SH_0515.JPG,28_01_SH_0516.JPG,28,1,Deciduous,SH,4,9/20/19,12/7/19,12/7/19,Herbivore
1868,39639991,2,SQUIRRELGRAY,28_01_SH_0517.JPG,28_01_SH_0518.JPG,28_01_SH_0519.JPG,28,1,Deciduous,SH,4,9/20/19,12/7/19,12/7/19,Herbivore
1869,39639992,1,SQUIRRELGRAY,28_01_SH_0520.JPG,28_01_SH_0521.JPG,28_01_SH_0522.JPG,28,1,Deciduous,SH,4,9/20/19,12/7/19,12/7/19,Herbivore
1870,39639993,1,SQUIRRELGRAY,28_01_SH_0523.JPG,28_01_SH_0524.JPG,28_01_SH_0525.JPG,28,1,Deciduous,SH,4,9/20/19,12/7/19,12/7/19,Herbivore
1871,39639994,2,SQUIRRELGRAY,28_01_SH_0526.JPG,28_01_SH_0527.JPG,28_01_SH_0528.JPG,28,1,Deciduous,SH,4,9/20/19,12/7/19,12/7/19,Herbivore
1872,39639995,2,SQUIRRELGRAY,28_01_SH_0529.JPG,28_01_SH_0530.JPG,28_01_SH_0531.JPG,28,1,Deciduous,SH,4,9/20/19,12/7/19,12/7/19,Herbivore
1873,39639999,1,SQUIRRELGRAY,28_01_SH_0532.JPG,28_01_SH_0533.JPG,28_01_SH_0534.JPG,28,1,Deciduous,SH,4,9/20/19,12/7/19,12/7/19,Herbivore
1874,39640005,1,SQUIRRELGRAY,28_01_SH_0535.JPG,28_01_SH_0536.JPG,28_01_SH_0537.JPG,28,1,Deciduous,SH,4,9/20/19,12/7/19,12/7/19,Herbivore
1875,39640006,2,SQUIRRELGRAY,28_01_SH_0538.JPG,28_01_SH_0539.JPG,28_01_SH_0540.JPG,28,1,Deciduous,SH,4,9/20/19,12/7/19,12/7/19,Herbivore
1876,39640007,1,SQUIRRELGRAY,28_01_SH_0541.JPG,28_01_SH_0542.JPG,28_01_SH_0543.JPG,28,1,Deciduous,SH,4,9/20/19,12/7/19,12/7/19,Herbivore
1877,39640008,1,SQUIRRELGRAY,28_01_SH_0544.JPG,28_01_SH_0545.JPG,28_01_SH_0546.JPG,28,1,Deciduous,SH,4,9/20/19,12/7/19,12/7/19,Herbivore
1878,39640014,1,SQUIRRELGRAY,28_01_SH_0547.JPG,28_01_SH_0548.JPG,28_01_SH_0549.JPG,28,1,Deciduous,SH,4,9/20/19,12/7/19,12/7/19,Herbivore
1879,39640015,1,SQUIRRELGRAY,28_01_SH_0550.JPG,28_01_SH_0551.JPG,28_01_SH_0552.JPG,28,1,Deciduous,SH,4,9/20/19,12/7/19,12/7/19,Herbivore
1880,39640016,1,SQUIRRELGRAY,28_01_SH_0553.JPG,28_01_SH_0554.JPG,28_01_SH_0555.JPG,28,1,Deciduous,SH,4,9/20/19,12/7/19,12/7/19,Herbivore
1881,39640017,1,SQUIRRELGRAY,28_01_SH_0556.JPG,28_01_SH_0557.JPG,28_01_SH_0558.JPG,28,1,Deciduous,SH,4,9/20/19,12/7/19,12/7/19,Herbivore
1882,39640018,1,SQUIRRELGRAY,28_01_SH_0559.JPG,28_01_SH_0560.JPG,28_01_SH_0561.JPG,28,1,Deciduous,SH,4,9/20/19,12/7/19,12/7/19,Herbivore
1883,39640019,1,SQUIRRELGRAY,28_01_SH_0562.JPG,28_01_SH_0563.JPG,28_01_SH_0564.JPG,28,1,Deciduous,SH,4,9/20/19,12/7/19,12/7/19,Herbivore
1884,39640020,1,SQUIRRELGRAY,28_01_SH_0565.JPG,28_01_SH_0566.JPG,28_01_SH_0567.JPG,28,1,Deciduous,SH,4,9/20/19,12/7/19,12/7/19,Herbivore
1885,39640024,2,SQUIRRELGRAY,28_01_SH_0568.JPG,28_01_SH_0569.JPG,28_01_SH_0570.JPG,28,1,Deciduous,SH,4,9/20/19,12/7/19,12/7/19,Herbivore
1886,39640025,1,SQUIRRELGRAY,28_01_SH_0571.JPG,28_01_SH_0572.JPG,28_01_SH_0573.JPG,28,1,Deciduous,SH,4,9/20/19,12/7/19,12/7/19,Herbivore
1888,39640027,1,SQUIRRELGRAY,28_01_SH_0577.JPG,28_01_SH_0578.JPG,28_01_SH_0579.JPG,28,1,Deciduous,SH,4,9/20/19,12/7/19,12/7/19,Herbivore
1889,39640034,1,SQUIRRELGRAY,28_01_SH_0580.JPG,28_01_SH_0581.JPG,28_01_SH_0582.JPG,28,1,Deciduous,SH,4,9/20/19,12/7/19,12/7/19,Herbivore
1890,39640036,2,SQUIRRELGRAY,28_01_SH_0583.JPG,28_01_SH_0584.JPG,28_01_SH_0585.JPG,28,1,Deciduous,SH,4,9/20/19,12/7/19,12/7/19,Herbivore
1891,39640038,1,SQUIRRELGRAY,28_01_SH_0586.JPG,28_01_SH_0587.JPG,28_01_SH_0588.JPG,28,1,Deciduous,SH,4,9/20/19,12/7/19,12/7/19,Herbivore
1892,39640039,2,SQUIRRELGRAY,28_01_SH_0589.JPG,28_01_SH_0590.JPG,28_01_SH_0591.JPG,28,1,Deciduous,SH,4,9/20/19,12/7/19,12/7/19,Herbivore
1893,39640041,1,SQUIRRELGRAY,28_01_SH_0592.JPG,28_01_SH_0593.JPG,28_01_SH_0594.JPG,28,1,Deciduous,SH,4,9/20/19,12/7/19,12/7/19,Herbivore
1894,39640042,1,SQUIRRELGRAY,28_01_SH_0595.JPG,28_01_SH_0596.JPG,28_01_SH_0597.JPG,28,1,Deciduous,SH,4,9/20/19,12/7/19,12/7/19,Herbivore
1895,39640044,2,SQUIRRELGRAY,28_01_SH_0598.JPG,28_01_SH_0599.JPG,28_01_SH_0600.JPG,28,1,Deciduous,SH,4,9/20/19,12/7/19,12/7/19,Herbivore
1896,39640045,1,SQUIRRELGRAY,28_01_SH_0601.JPG,28_01_SH_0602.JPG,28_01_SH_0603.JPG,28,1,Deciduous,SH,4,9/20/19,12/7/19,12/7/19,Herbivore
1898,39640049,1,SQUIRRELGRAY,28_01_SH_0607.JPG,28_01_SH_0608.JPG,28_01_SH_0609.JPG,28,1,Deciduous,SH,4,9/20/19,12/7/19,12/7/19,Herbivore
1899,39640050,1,SQUIRRELGRAY,28_01_SH_0610.JPG,28_01_SH_0611.JPG,28_01_SH_0612.JPG,28,1,Deciduous,SH,4,9/20/19,12/7/19,12/7/19,Herbivore
1900,39640051,1,SQUIRRELGRAY,28_01_SH_0613.JPG,28_01_SH_0614.JPG,28_01_SH_0615.JPG,28,1,Deciduous,SH,4,9/20/19,12/7/19,12/7/19,Herbivore
1901,39640053,1,SQUIRRELGRAY,28_01_SH_0616.JPG,28_01_SH_0617.JPG,28_01_SH_0618.JPG,28,1,Deciduous,SH,4,9/20/19,12/7/19,12/7/19,Herbivore
1902,39640054,1,SQUIRRELGRAY,28_01_SH_0619.JPG,28_01_SH_0620.JPG,28_01_SH_0621.JPG,28,1,Deciduous,SH,4,9/20/19,12/7/19,12/7/19,Herbivore
1903,39640056,1,SQUIRRELGRAY,28_01_SH_0622.JPG,28_01_SH_0623.JPG,NA,28,1,Deciduous,SH,4,9/20/19,12/7/19,12/7/19,Herbivore
1904,39640057,1,SQUIRRELGRAY,28_01_SH_0628.JPG,28_01_SH_0629.JPG,28_01_SH_0630.JPG,28,1,Deciduous,SH,4,9/20/19,12/7/19,12/7/19,Herbivore
1905,39640059,1,SQUIRRELGRAY,28_01_SH_0631.JPG,28_01_SH_0632.JPG,28_01_SH_0633.JPG,28,1,Deciduous,SH,4,9/20/19,12/7/19,12/7/19,Herbivore
1906,39640060,2,SQUIRRELGRAY,28_01_SH_0634.JPG,28_01_SH_0635.JPG,28_01_SH_0636.JPG,28,1,Deciduous,SH,4,9/20/19,12/7/19,12/7/19,Herbivore
1907,39640063,1,SQUIRRELGRAY,28_01_SH_0637.JPG,28_01_SH_0638.JPG,28_01_SH_0639.JPG,28,1,Deciduous,SH,4,9/20/19,12/7/19,12/7/19,Herbivore
1908,39640066,1,SQUIRRELGRAY,28_01_SH_0640.JPG,28_01_SH_0641.JPG,28_01_SH_0642.JPG,28,1,Deciduous,SH,4,9/20/19,12/7/19,12/7/19,Herbivore
1909,39640067,1,SQUIRRELGRAY,28_01_SH_0643.JPG,28_01_SH_0644.JPG,28_01_SH_0645.JPG,28,1,Deciduous,SH,4,9/20/19,12/7/19,12/7/19,Herbivore
1910,39640068,1,SQUIRRELGRAY,28_01_SH_0646.JPG,28_01_SH_0647.JPG,28_01_SH_0648.JPG,28,1,Deciduous,SH,4,9/20/19,12/7/19,12/7/19,Herbivore
1911,39640070,1,SQUIRRELGRAY,28_01_SH_0649.JPG,28_01_SH_0650.JPG,28_01_SH_0651.JPG,28,1,Deciduous,SH,4,9/20/19,12/7/19,12/7/19,Herbivore
1912,39640071,2,SQUIRRELGRAY,28_01_SH_0652.JPG,28_01_SH_0653.JPG,28_01_SH_0654.JPG,28,1,Deciduous,SH,4,9/20/19,12/7/19,12/7/19,Herbivore
1913,39640073,2,SQUIRRELGRAY,28_01_SH_0655.JPG,28_01_SH_0656.JPG,28_01_SH_0657.JPG,28,1,Deciduous,SH,4,9/20/19,12/7/19,12/7/19,Herbivore
1914,39640074,1,SQUIRRELGRAY,28_01_SH_0658.JPG,28_01_SH_0659.JPG,28_01_SH_0660.JPG,28,1,Deciduous,SH,4,9/20/19,12/7/19,12/7/19,Herbivore
1915,39640075,1,SQUIRRELGRAY,28_01_SH_0661.JPG,28_01_SH_0662.JPG,28_01_SH_0663.JPG,28,1,Deciduous,SH,4,9/20/19,12/7/19,12/7/19,Herbivore
1916,39640081,1,SQUIRRELGRAY,28_01_SH_0664.JPG,28_01_SH_0665.JPG,28_01_SH_0666.JPG,28,1,Deciduous,SH,4,9/20/19,12/7/19,12/7/19,Herbivore
1917,39640083,1,SQUIRRELGRAY,28_01_SH_0667.JPG,28_01_SH_0668.JPG,28_01_SH_0669.JPG,28,1,Deciduous,SH,4,9/20/19,12/7/19,12/7/19,Herbivore
1918,39640084,1,SQUIRRELGRAY,28_01_SH_0670.JPG,28_01_SH_0671.JPG,28_01_SH_0672.JPG,28,1,Deciduous,SH,4,9/20/19,12/7/19,12/7/19,Herbivore
2143,37162455,1,SQUIRRELGRAY,30_22_BC_0028.JPG,30_22_BC_0029.JPG,30_22_BC_0030.JPG,30,22,Deciduous,BC,2,3/4/19,5/11/19,5/11/19,Herbivore
2144,37162456,1,SQUIRRELGRAY,30_22_BC_0031.JPG,30_22_BC_0032.JPG,30_22_BC_0033.JPG,30,22,Deciduous,BC,2,3/4/19,5/11/19,5/11/19,Herbivore
2147,37162459,2,SQUIRRELGRAY,30_22_BC_0040.JPG,30_22_BC_0041.JPG,30_22_BC_0042.JPG,30,22,Deciduous,BC,2,3/4/19,5/11/19,5/11/19,Herbivore
2172,37162500,1,SQUIRRELGRAY,30_22_BC_0202.JPG,30_22_BC_0203.JPG,30_22_BC_0204.JPG,30,22,Deciduous,BC,2,3/4/19,5/11/19,5/11/19,Herbivore
2174,37162502,1,SQUIRRELGRAY,30_22_BC_0208.JPG,30_22_BC_0209.JPG,30_22_BC_0210.JPG,30,22,Deciduous,BC,2,3/4/19,5/11/19,5/11/19,Herbivore
2175,37162503,1,SQUIRRELGRAY,30_22_BC_0211.JPG,30_22_BC_0212.JPG,30_22_BC_0213.JPG,30,22,Deciduous,BC,2,3/4/19,5/11/19,5/11/19,Herbivore
2176,37162515,1,SQUIRRELGRAY,30_22_BC_0292.JPG,30_22_BC_0293.JPG,30_22_BC_0294.JPG,30,22,Deciduous,BC,2,3/4/19,5/11/19,5/11/19,Herbivore
2200,37162554,1,SQUIRRELGRAY,30_22_BC_0457.JPG,30_22_BC_0458.JPG,30_22_BC_0459.JPG,30,22,Deciduous,BC,2,3/4/19,5/11/19,5/11/19,Herbivore
2201,37162555,2,SQUIRRELGRAY,30_22_BC_0466.JPG,30_22_BC_0467.JPG,30_22_BC_0468.JPG,30,22,Deciduous,BC,2,3/4/19,5/11/19,5/11/19,Herbivore
2203,37162557,1,SQUIRRELGRAY,30_22_BC_0472.JPG,30_22_BC_0473.JPG,30_22_BC_0474.JPG,30,22,Deciduous,BC,2,3/4/19,5/11/19,5/11/19,Herbivore
2205,37162561,2,SQUIRRELGRAY,30_22_BC_0487.JPG,30_22_BC_0488.JPG,30_22_BC_0489.JPG,30,22,Deciduous,BC,2,3/4/19,5/11/19,5/11/19,Herbivore
2254,39638799,1,SQUIRRELGRAY,31_15_WHIP_0085.JPG,31_15_WHIP_0086.JPG,31_15_WHIP_0087.JPG,31,15,Pine,WHIP,4,9/27/19,11/1/19,11/10/19,Herbivore
2308,39639212,1,SQUIRRELGRAY,31_15_WHIP_0409.JPG,31_15_WHIP_0410.JPG,31_15_WHIP_0411.JPG,31,15,Pine,WHIP,4,9/27/19,11/1/19,11/10/19,Herbivore
2311,39639301,1,SQUIRRELGRAY,31_15_WHIP_0421.JPG,31_15_WHIP_0422.JPG,31_15_WHIP_0423.JPG,31,15,Pine,WHIP,4,9/27/19,11/1/19,11/10/19,Herbivore
2313,39639348,1,SQUIRRELGRAY,31_15_WHIP_0442.JPG,31_15_WHIP_0443.JPG,31_15_WHIP_0444.JPG,31,15,Pine,WHIP,4,9/27/19,11/1/19,11/10/19,Herbivore
2319,39639416,1,SQUIRRELGRAY,31_15_WHIP_0466.JPG,31_15_WHIP_0467.JPG,NA,31,15,Pine,WHIP,4,9/27/19,11/1/19,11/10/19,Herbivore
2322,39639444,1,SQUIRRELGRAY,31_15_WHIP_0475.JPG,31_15_WHIP_0476.JPG,31_15_WHIP_0477.JPG,31,15,Pine,WHIP,4,9/27/19,11/1/19,11/10/19,Herbivore
2323,39639445,1,SQUIRRELGRAY,31_15_WHIP_0478.JPG,31_15_WHIP_0479.JPG,31_15_WHIP_0480.JPG,31,15,Pine,WHIP,4,9/27/19,11/1/19,11/10/19,Herbivore
2327,39639465,1,SQUIRRELGRAY,31_15_WHIP_0490.JPG,31_15_WHIP_0491.JPG,31_15_WHIP_0492.JPG,31,15,Pine,WHIP,4,9/27/19,11/1/19,11/10/19,Herbivore
2328,39639471,1,SQUIRRELGRAY,31_15_WHIP_0493.JPG,31_15_WHIP_0494.JPG,31_15_WHIP_0495.JPG,31,15,Pine,WHIP,4,9/27/19,11/1/19,11/10/19,Herbivore
2329,39639486,2,SQUIRRELGRAY,31_15_WHIP_0496.JPG,31_15_WHIP_0497.JPG,31_15_WHIP_0498.JPG,31,15,Pine,WHIP,4,9/27/19,11/1/19,11/10/19,Herbivore
2330,39639488,1,SQUIRRELGRAY,31_15_WHIP_0499.JPG,31_15_WHIP_0500.JPG,31_15_WHIP_0501.JPG,31,15,Pine,WHIP,4,9/27/19,11/1/19,11/10/19,Herbivore
2332,39639510,1,SQUIRRELGRAY,31_15_WHIP_0505.JPG,31_15_WHIP_0506.JPG,31_15_WHIP_0507.JPG,31,15,Pine,WHIP,4,9/27/19,11/1/19,11/10/19,Herbivore
2333,39639523,1,SQUIRRELGRAY,31_15_WHIP_0508.JPG,31_15_WHIP_0509.JPG,31_15_WHIP_0510.JPG,31,15,Pine,WHIP,4,9/27/19,11/1/19,11/10/19,Herbivore
2334,39639582,1,SQUIRRELGRAY,31_15_WHIP_0511.JPG,31_15_WHIP_0512.JPG,31_15_WHIP_0513.JPG,31,15,Pine,WHIP,4,9/27/19,11/1/19,11/10/19,Herbivore
2335,39639584,1,SQUIRRELGRAY,31_15_WHIP_0514.JPG,31_15_WHIP_0515.JPG,31_15_WHIP_0516.JPG,31,15,Pine,WHIP,4,9/27/19,11/1/19,11/10/19,Herbivore
2336,39639586,1,SQUIRRELGRAY,31_15_WHIP_0517.JPG,31_15_WHIP_0518.JPG,31_15_WHIP_0519.JPG,31,15,Pine,WHIP,4,9/27/19,11/1/19,11/10/19,Herbivore
2337,39639587,1,SQUIRRELGRAY,31_15_WHIP_0520.JPG,31_15_WHIP_0521.JPG,31_15_WHIP_0522.JPG,31,15,Pine,WHIP,4,9/27/19,11/1/19,11/10/19,Herbivore
2338,39639668,1,SQUIRRELGRAY,31_15_WHIP_0532.JPG,31_15_WHIP_0533.JPG,31_15_WHIP_0534.JPG,31,15,Pine,WHIP,4,9/27/19,11/1/19,11/10/19,Herbivore
2339,39639669,1,SQUIRRELGRAY,31_15_WHIP_0535.JPG,31_15_WHIP_0536.JPG,31_15_WHIP_0537.JPG,31,15,Pine,WHIP,4,9/27/19,11/1/19,11/10/19,Herbivore
2340,39639674,1,SQUIRRELGRAY,31_15_WHIP_0538.JPG,31_15_WHIP_0539.JPG,31_15_WHIP_0540.JPG,31,15,Pine,WHIP,4,9/27/19,11/1/19,11/10/19,Herbivore
2341,39639675,1,SQUIRRELGRAY,31_15_WHIP_0541.JPG,31_15_WHIP_0542.JPG,31_15_WHIP_0543.JPG,31,15,Pine,WHIP,4,9/27/19,11/1/19,11/10/19,Herbivore
2342,39639676,2,SQUIRRELGRAY,31_15_WHIP_0544.JPG,31_15_WHIP_0545.JPG,NA,31,15,Pine,WHIP,4,9/27/19,11/1/19,11/10/19,Herbivore
2343,39639715,1,SQUIRRELGRAY,31_15_WHIP_0547.JPG,31_15_WHIP_0548.JPG,31_15_WHIP_0549.JPG,31,15,Pine,WHIP,4,9/27/19,11/1/19,11/10/19,Herbivore
2344,39639788,1,SQUIRRELGRAY,31_15_WHIP_0550.JPG,31_15_WHIP_0551.JPG,31_15_WHIP_0552.JPG,31,15,Pine,WHIP,4,9/27/19,11/1/19,11/10/19,Herbivore
2346,39639844,1,SQUIRRELGRAY,31_15_WHIP_0556.JPG,31_15_WHIP_0557.JPG,31_15_WHIP_0558.JPG,31,15,Pine,WHIP,4,9/27/19,11/1/19,11/10/19,Herbivore
2348,39639913,1,SQUIRRELGRAY,31_15_WHIP_0562.JPG,31_15_WHIP_0563.JPG,31_15_WHIP_0564.JPG,31,15,Pine,WHIP,4,9/27/19,11/1/19,11/10/19,Herbivore
2349,39639914,1,SQUIRRELGRAY,31_15_WHIP_0565.JPG,31_15_WHIP_0566.JPG,31_15_WHIP_0567.JPG,31,15,Pine,WHIP,4,9/27/19,11/1/19,11/10/19,Herbivore
2415,31429138,1,SQUIRRELGRAY,32_17_WHIP_0025.JPG,32_17_WHIP_0026.JPG,32_17_WHIP_0027.JPG,32,17,Pine,WHIP,1,12/17/18,1/24/19,1/24/19,Herbivore
2420,31429144,1,SQUIRRELGRAY,32_17_WHIP_0043.JPG,32_17_WHIP_0044.JPG,32_17_WHIP_0045.JPG,32,17,Pine,WHIP,1,12/17/18,1/24/19,1/24/19,Herbivore
2434,37818899,1,SQUIRRELGRAY,32_26_WF_0010.JPG,32_26_WF_0011.JPG,NA,32,26,Pine,WF,3,5/15/19,9/3/19,8/9/19,Herbivore
2436,37818937,1,SQUIRRELGRAY,32_26_WF_0016.JPG,32_26_WF_0017.JPG,32_26_WF_0018.JPG,32,26,Pine,WF,3,5/15/19,9/3/19,8/9/19,Herbivore
2441,37820597,1,SQUIRRELGRAY,32_26_WF_0046.JPG,32_26_WF_0047.JPG,32_26_WF_0048.JPG,32,26,Pine,WF,3,5/15/19,9/3/19,8/9/19,Herbivore
2699,39906418,1,SQUIRRELGRAY,34_21_WF_0121.JPG,34_21_WF_0122.JPG,34_21_WF_0123.JPG,34,21,Pine,WF,4,9/29/19,1/26/20,12/14/19,Herbivore
2719,39906469,1,SQUIRRELGRAY,34_21_WF_0190.JPG,34_21_WF_0191.JPG,34_21_WF_0192.JPG,34,21,Pine,WF,4,9/29/19,1/26/20,12/14/19,Herbivore
2720,39906471,1,SQUIRRELGRAY,34_21_WF_0196.JPG,34_21_WF_0197.JPG,34_21_WF_0198.JPG,34,21,Pine,WF,4,9/29/19,1/26/20,12/14/19,Herbivore
2776,40303386,1,SQUIRRELGRAY,35_16_BC_0040.JPG,35_16_BC_0041.JPG,35_16_BC_0042.JPG,35,16,Deciduous,BC,4,10/19/19,2/2/20,12/19/19,Herbivore
2785,40303403,1,SQUIRRELGRAY,35_16_BC_0085.JPG,35_16_BC_0086.JPG,35_16_BC_0087.JPG,35,16,Deciduous,BC,4,10/19/19,2/2/20,12/19/19,Herbivore
2788,40303406,1,SQUIRRELGRAY,35_16_BC_0094.JPG,35_16_BC_0095.JPG,35_16_BC_0096.JPG,35,16,Deciduous,BC,4,10/19/19,2/2/20,12/19/19,Herbivore
2789,40303409,1,SQUIRRELGRAY,35_16_BC_0097.JPG,35_16_BC_0098.JPG,35_16_BC_0099.JPG,35,16,Deciduous,BC,4,10/19/19,2/2/20,12/19/19,Herbivore
2792,40303418,1,SQUIRRELGRAY,35_16_BC_0109.JPG,35_16_BC_0110.JPG,35_16_BC_0111.JPG,35,16,Deciduous,BC,4,10/19/19,2/2/20,12/19/19,Herbivore
2810,39906318,1,SQUIRRELGRAY,36_32_WF_0037.JPG,36_32_WF_0038.JPG,36_32_WF_0039.JPG,36,32,Pine,WF,4,9/29/19,1/26/20,12/18/19,Herbivore
2813,39906322,2,SQUIRRELGRAY,36_32_WF_0046.JPG,36_32_WF_0047.JPG,36_32_WF_0048.JPG,36,32,Pine,WF,4,9/29/19,1/26/20,12/18/19,Herbivore
2814,39906324,1,SQUIRRELGRAY,36_32_WF_0052.JPG,36_32_WF_0053.JPG,36_32_WF_0054.JPG,36,32,Pine,WF,4,9/29/19,1/26/20,12/18/19,Herbivore
2818,39906329,1,SQUIRRELGRAY,36_32_WF_0067.JPG,36_32_WF_0068.JPG,36_32_WF_0069.JPG,36,32,Pine,WF,4,9/29/19,1/26/20,12/18/19,Herbivore
2821,39906334,1,SQUIRRELGRAY,36_32_WF_0076.JPG,36_32_WF_0077.JPG,36_32_WF_0078.JPG,36,32,Pine,WF,4,9/29/19,1/26/20,12/18/19,Herbivore
2822,39906335,1,SQUIRRELGRAY,36_32_WF_0079.JPG,36_32_WF_0080.JPG,36_32_WF_0081.JPG,36,32,Pine,WF,4,9/29/19,1/26/20,12/18/19,Herbivore
2826,39906347,1,SQUIRRELGRAY,36_32_WF_0109.JPG,36_32_WF_0110.JPG,36_32_WF_0111.JPG,36,32,Pine,WF,4,9/29/19,1/26/20,12/18/19,Herbivore
2846,39906378,1,SQUIRRELGRAY,36_32_WF_0172.JPG,36_32_WF_0173.JPG,36_32_WF_0174.JPG,36,32,Pine,WF,4,9/29/19,1/26/20,12/18/19,Herbivore
2852,39906385,1,SQUIRRELGRAY,36_32_WF_0190.JPG,36_32_WF_0191.JPG,36_32_WF_0192.JPG,36,32,Pine,WF,4,9/29/19,1/26/20,12/18/19,Herbivore
2862,39906397,1,SQUIRRELGRAY,36_32_WF_0226.JPG,36_32_WF_0227.JPG,36_32_WF_0228.JPG,36,32,Pine,WF,4,9/29/19,1/26/20,12/18/19,Herbivore
2868,39906404,1,SQUIRRELGRAY,36_32_WF_0244.JPG,36_32_WF_0245.JPG,36_32_WF_0246.JPG,36,32,Pine,WF,4,9/29/19,1/26/20,12/18/19,Herbivore
2963,39639159,1,SQUIRRELGRAY,37_31_DEG_0103.JPG,37_31_DEG_0104.JPG,37_31_DEG_0105.JPG,37,31,Pine,DEG,4,9/27/19,11/17/19,11/17/19,Herbivore
2965,39639217,1,SQUIRRELGRAY,37_31_DEG_0109.JPG,37_31_DEG_0110.JPG,37_31_DEG_0111.JPG,37,31,Pine,DEG,4,9/27/19,11/17/19,11/17/19,Herbivore
2973,39639468,1,SQUIRRELGRAY,37_31_DEG_0148.JPG,37_31_DEG_0149.JPG,37_31_DEG_0150.JPG,37,31,Pine,DEG,4,9/27/19,11/17/19,11/17/19,Herbivore
30,39639443,1,SQUIRRELRED,01_23_DEG_000097.JPG,01_23_DEG_000098.JPG,01_23_DEG_000099.JPG,1,23,Pine,DEG,4,9/27/19,11/17/19,11/17/19,Herbivore
1045,31428618,1,SQUIRRELRED,17_24_BC_000268.JPG,17_24_BC_000269.JPG,17_24_BC_000270.JPG,17,24,Deciduous,BC,1,11/15/18,3/4/19,3/2/19,Herbivore
1058,39638984,1,SQUIRRELRED,17_26_WHIP_000040.JPG,17_26_WHIP_000041.JPG,NA,17,26,Pine,WHIP,4,9/27/19,11/15/19,11/15/19,Herbivore
1193,41008452,1,SQUIRRELRED,21_40_DON_0004.JPG,21_40_DON_0005.JPG,21_40_DON_0006.JPG,21,40,Deciduous,DON,4,9/17/19,11/15/19,9/28/19,Herbivore
1340,37162141,1,SQUIRRELRED,22_31_WF_0055.JPG,22_31_WF_0056.JPG,22_31_WF_0057.JPG,22,31,Pine,WF,2,1/28/19,5/15/19,4/30/19,Herbivore
1676,31428918,2,SQUIRRELRED,25_09_SH_0072.JPG,25_09_SH_0073.JPG,25_09_SH_0074.JPG,25,9,Deciduous,SH,1,11/14/18,2/11/19,1/16/19,Herbivore
1972,31428945,1,SQUIRRELRED,29_19_DEG_0037.JPG,29_19_DEG_0038.JPG,29_19_DEG_0039.JPG,29,19,Pine,DEG,1,11/26/18,2/7/19,2/1/19,Herbivore
1983,31428956,2,SQUIRRELRED,29_19_DEG_0073.JPG,29_19_DEG_0074.JPG,29_19_DEG_0075.JPG,29,19,Pine,DEG,1,11/26/18,2/7/19,2/1/19,Herbivore
1984,31428957,1,SQUIRRELRED,29_19_DEG_0076.JPG,29_19_DEG_0077.JPG,29_19_DEG_0078.JPG,29,19,Pine,DEG,1,11/26/18,2/7/19,2/1/19,Herbivore
2353,37162567,1,SQUIRRELRED,31_41_WHIP_0010.JPG,31_41_WHIP_0011.JPG,31_41_WHIP_0012.JPG,31,41,Pine,WHIP,2,1/24/19,5/13/19,2/18/19,Herbivore
2642,39638954,1,SQUIRRELRED,33_38_DEG_0055.JPG,33_38_DEG_0056.JPG,33_38_DEG_0057.JPG,33,38,Pine,DEG,4,9/27/19,11/17/19,11/10/19,Herbivore
2671,39906305,1,SQUIRRELRED,34_21_WF_0037.JPG,34_21_WF_0038.JPG,34_21_WF_0039.JPG,34,21,Pine,WF,4,9/29/19,1/26/20,12/14/19,Herbivore
2682,39906343,2,SQUIRRELRED,34_21_WF_0070.JPG,34_21_WF_0071.JPG,34_21_WF_0072.JPG,34,21,Pine,WF,4,9/29/19,1/26/20,12/14/19,Herbivore
2695,39906383,2,SQUIRRELRED,34_21_WF_0109.JPG,34_21_WF_0110.JPG,34_21_WF_0111.JPG,34,21,Pine,WF,4,9/29/19,1/26/20,12/14/19,Herbivore
2696,39906402,2,SQUIRRELRED,34_21_WF_0112.JPG,34_21_WF_0113.JPG,34_21_WF_0114.JPG,34,21,Pine,WF,4,9/29/19,1/26/20,12/14/19,Herbivore
2700,39906419,1,SQUIRRELRED,34_21_WF_0124.JPG,34_21_WF_0125.JPG,34_21_WF_0126.JPG,34,21,Pine,WF,4,9/29/19,1/26/20,12/14/19,Herbivore
2706,39906443,2,SQUIRRELRED,34_21_WF_0142.JPG,34_21_WF_0143.JPG,34_21_WF_0144.JPG,34,21,Pine,WF,4,9/29/19,1/26/20,12/14/19,Herbivore
2754,39906530,2,SQUIRRELRED,34_21_WF_0325.JPG,34_21_WF_0326.JPG,34_21_WF_0327.JPG,34,21,Pine,WF,4,9/29/19,1/26/20,12/14/19,Herbivore
2756,39906533,1,SQUIRRELRED,34_21_WF_0337.JPG,34_21_WF_0338.JPG,34_21_WF_0339.JPG,34,21,Pine,WF,4,9/29/19,1/26/20,12/14/19,Herbivore
2764,39906553,2,SQUIRRELRED,34_21_WF_0373.JPG,34_21_WF_0374.JPG,34_21_WF_0375.JPG,34,21,Pine,WF,4,9/29/19,1/26/20,12/14/19,Herbivore
2812,39906320,1,SQUIRRELRED,36_32_WF_0043.JPG,36_32_WF_0044.JPG,36_32_WF_0045.JPG,36,32,Pine,WF,4,9/29/19,1/26/20,12/18/19,Herbivore
2816,39906326,2,SQUIRRELRED,36_32_WF_0058.JPG,36_32_WF_0059.JPG,36_32_WF_0060.JPG,36,32,Pine,WF,4,9/29/19,1/26/20,12/18/19,Herbivore
2823,39906337,1,SQUIRRELRED,36_32_WF_0082.JPG,36_32_WF_0083.JPG,36_32_WF_0084.JPG,36,32,Pine,WF,4,9/29/19,1/26/20,12/18/19,Herbivore
2832,39906353,1,SQUIRRELRED,36_32_WF_0130.JPG,36_32_WF_0131.JPG,36_32_WF_0132.JPG,36,32,Pine,WF,4,9/29/19,1/26/20,12/18/19,Herbivore
2834,39906355,1,SQUIRRELRED,36_32_WF_0136.JPG,36_32_WF_0137.JPG,36_32_WF_0138.JPG,36,32,Pine,WF,4,9/29/19,1/26/20,12/18/19,Herbivore
2836,39906358,2,SQUIRRELRED,36_32_WF_0142.JPG,36_32_WF_0143.JPG,36_32_WF_0144.JPG,36,32,Pine,WF,4,9/29/19,1/26/20,12/18/19,Herbivore
2844,39906376,1,SQUIRRELRED,36_32_WF_0166.JPG,36_32_WF_0167.JPG,36_32_WF_0168.JPG,36,32,Pine,WF,4,9/29/19,1/26/20,12/18/19,Herbivore
2845,39906377,1,SQUIRRELRED,36_32_WF_0169.JPG,36_32_WF_0170.JPG,36_32_WF_0171.JPG,36,32,Pine,WF,4,9/29/19,1/26/20,12/18/19,Herbivore
2847,39906379,1,SQUIRRELRED,36_32_WF_0175.JPG,36_32_WF_0176.JPG,36_32_WF_0177.JPG,36,32,Pine,WF,4,9/29/19,1/26/20,12/18/19,Herbivore
2848,39906380,2,SQUIRRELRED,36_32_WF_0178.JPG,36_32_WF_0179.JPG,36_32_WF_0180.JPG,36,32,Pine,WF,4,9/29/19,1/26/20,12/18/19,Herbivore
2849,39906381,1,SQUIRRELRED,36_32_WF_0181.JPG,36_32_WF_0182.JPG,36_32_WF_0183.JPG,36,32,Pine,WF,4,9/29/19,1/26/20,12/18/19,Herbivore
2854,39906387,1,SQUIRRELRED,36_32_WF_0196.JPG,36_32_WF_0197.JPG,36_32_WF_0198.JPG,36,32,Pine,WF,4,9/29/19,1/26/20,12/18/19,Herbivore
2870,39906407,1,SQUIRRELRED,36_32_WF_0253.JPG,36_32_WF_0254.JPG,36_32_WF_0255.JPG,36,32,Pine,WF,4,9/29/19,1/26/20,12/18/19,Herbivore
2875,39906414,1,SQUIRRELRED,36_32_WF_0268.JPG,36_32_WF_0269.JPG,36_32_WF_0270.JPG,36,32,Pine,WF,4,9/29/19,1/26/20,12/18/19,Herbivore
2876,39906415,1,SQUIRRELRED,36_32_WF_0271.JPG,36_32_WF_0272.JPG,36_32_WF_0273.JPG,36,32,Pine,WF,4,9/29/19,1/26/20,12/18/19,Herbivore
2877,39906416,2,SQUIRRELRED,36_32_WF_0274.JPG,36_32_WF_0275.JPG,36_32_WF_0276.JPG,36,32,Pine,WF,4,9/29/19,1/26/20,12/18/19,Herbivore
2878,39906417,1,SQUIRRELRED,36_32_WF_0277.JPG,36_32_WF_0278.JPG,36_32_WF_0279.JPG,36,32,Pine,WF,4,9/29/19,1/26/20,12/18/19,Herbivore
2880,39906424,1,SQUIRRELRED,36_32_WF_0283.JPG,36_32_WF_0284.JPG,36_32_WF_0285.JPG,36,32,Pine,WF,4,9/29/19,1/26/20,12/18/19,Herbivore
2881,39906425,2,SQUIRRELRED,36_32_WF_0286.JPG,36_32_WF_0287.JPG,36_32_WF_0288.JPG,36,32,Pine,WF,4,9/29/19,1/26/20,12/18/19,Herbivore
2884,39906428,1,SQUIRRELRED,36_32_WF_0295.JPG,36_32_WF_0296.JPG,36_32_WF_0297.JPG,36,32,Pine,WF,4,9/29/19,1/26/20,12/18/19,Herbivore
2885,39906429,1,SQUIRRELRED,36_32_WF_0298.JPG,36_32_WF_0299.JPG,36_32_WF_0300.JPG,36,32,Pine,WF,4,9/29/19,1/26/20,12/18/19,Herbivore
2888,39906432,2,SQUIRRELRED,36_32_WF_0307.JPG,36_32_WF_0308.JPG,36_32_WF_0309.JPG,36,32,Pine,WF,4,9/29/19,1/26/20,12/18/19,Herbivore
2895,39906441,1,SQUIRRELRED,36_32_WF_0328.JPG,36_32_WF_0329.JPG,36_32_WF_0330.JPG,36,32,Pine,WF,4,9/29/19,1/26/20,12/18/19,Herbivore
2897,39906445,1,SQUIRRELRED,36_32_WF_0337.JPG,36_32_WF_0338.JPG,36_32_WF_0339.JPG,36,32,Pine,WF,4,9/29/19,1/26/20,12/18/19,Herbivore
2898,39906448,1,SQUIRRELRED,36_32_WF_0340.JPG,36_32_WF_0341.JPG,36_32_WF_0342.JPG,36,32,Pine,WF,4,9/29/19,1/26/20,12/18/19,Herbivore
2904,39906463,1,SQUIRRELRED,36_32_WF_0364.JPG,36_32_WF_0365.JPG,36_32_WF_0366.JPG,36,32,Pine,WF,4,9/29/19,1/26/20,12/18/19,Herbivore
2915,39906503,1,SQUIRRELRED,36_32_WF_0403.JPG,36_32_WF_0404.JPG,36_32_WF_0405.JPG,36,32,Pine,WF,4,9/29/19,1/26/20,12/18/19,Herbivore
2930,39906546,1,SQUIRRELRED,36_32_WF_0448.JPG,36_32_WF_0449.JPG,36_32_WF_0450.JPG,36,32,Pine,WF,4,9/29/19,1/26/20,12/18/19,Herbivore
2933,39906549,1,SQUIRRELRED,36_32_WF_0457.JPG,36_32_WF_0458.JPG,36_32_WF_0459.JPG,36,32,Pine,WF,4,9/29/19,1/26/20,12/18/19,Herbivore
2979,39639517,1,SQUIRRELRED,37_31_DEG_0166.JPG,37_31_DEG_0167.JPG,37_31_DEG_0168.JPG,37,31,Pine,DEG,4,9/27/19,11/17/19,11/17/19,Herbivore
2980,39639650,2,SQUIRRELRED,37_31_DEG_0169.JPG,37_31_DEG_0170.JPG,37_31_DEG_0171.JPG,37,31,Pine,DEG,4,9/27/19,11/17/19,11/17/19,Herbivore
2981,39639667,1,SQUIRRELRED,37_31_DEG_0172.JPG,37_31_DEG_0173.JPG,37_31_DEG_0174.JPG,37,31,Pine,DEG,4,9/27/19,11/17/19,11/17/19,Herbivore
413,31428370,1,WEASEL,11_13_BC_000169.JPG,11_13_BC_000170.JPG,11_13_BC_000171.JPG,11,13,Deciduous,BC,1,11/15/18,3/4/19,3/4/19,Mesocarnivore
903,37822690,1,WEASEL,15_16_WHIP_000274.JPG,15_16_WHIP_000275.JPG,15_16_WHIP_000276.JPG,15,16,Pine,WHIP,3,5/13/19,9/4/19,9/3/19,Mesocarnivore
1169,37162060,1,WEASEL,18_40_WHIP_000214.JPG,18_40_WHIP_000215.JPG,18_40_WHIP_000216.JPG,18,40,Pine,WHIP,2,1/24/19,5/13/19,4/22/19,Mesocarnivore
1452,39638602,1,WEASEL,23_24_SH_0004.JPG,23_24_SH_0005.JPG,23_24_SH_0006.JPG,23,24,Deciduous,SH,4,9/20/19,12/7/19,12/7/19,Mesocarnivore
1453,39638603,1,WEASEL,23_24_SH_0007.JPG,23_24_SH_0008.JPG,23_24_SH_0009.JPG,23,24,Deciduous,SH,4,9/20/19,12/7/19,12/7/19,Mesocarnivore
1680,37818596,1,WEASEL,25_38_SH_0001.JPG,25_38_SH_0002.JPG,25_38_SH_0003.JPG,25,38,Deciduous,SH,3,5/10/19,8/31/19,5/20/19,Mesocarnivore
2452,37822066,1,WEASEL,32_26_WF_0280.JPG,32_26_WF_0281.JPG,32_26_WF_0282.JPG,32,26,Pine,WF,3,5/15/19,9/3/19,8/9/19,Mesocarnivore